MIGRATED TCP REQUEST/RESPONSE TEST from 0.0.0.0 (0.0.0.0) port 0 AF_INET to 10.69.0.3 (10.69.0) port 0 AF_INET : +/-2.500% @ 99% conf.  : nodelay : first burst 0
Throughput Throughput Mean         Minimum      Maximum      50th         90th         99th         Stddev       Local Socket  Protocol Request Local Local   Confidence 
Units                 Latency      Latency      Latency      Percentile   Percentile   Percentile   Latency      CPU   Type             Size    CPU   Service Level      
                      Microseconds Microseconds Microseconds Latency      Latency      Latency      Microseconds Util                   Bytes   Util  Demand  Percent    
                                                             Microseconds Microseconds Microseconds              %                              %                        
Trans/s    8375.56    120.13       86           3817         108          147          263          50.03        6.49  Stream  TCP      500     6.49  31.762  99         
Trans/s    8546.13    118.24       80           502          100          151          308          38.63        5.19  Stream  TCP      500     5.19  26.285  99         
Trans/s    8085.50    126.90       81           478          107          192          307          47.71        8.31  Stream  TCP      500     8.31  42.839  99         
Trans/s    8281.39    123.46       82           490          110          178          285          39.66        5.90  Stream  TCP      500     5.90  30.941  99         
Trans/s    9358.90    106.75       83           1441         98           128          199          25.58        3.84  Stream  TCP      500     3.84  16.454  99         
Trans/s    8437.13    120.79       81           455          104          167          302          42.18        6.11  Stream  TCP      500     6.11  31.309  99         
Trans/s    8647.59    116.75       85           458          106          155          228          29.25        4.94  Stream  TCP      500     4.94  24.410  99         
Trans/s    8470.50    119.13       88           533          106          153          250          33.15        8.03  Stream  TCP      500     8.03  38.515  99         
Trans/s    8877.13    113.99       82           574          100          149          239          30.12        5.72  Stream  TCP      500     5.72  27.262  99         
Trans/s    8184.86    124.13       84           1782         110          162          290          41.70        6.51  Stream  TCP      500     6.51  33.456  99         
Trans/s    8529.81    118.94       83           456          105          147          302          37.10        6.49  Stream  TCP      500     6.49  32.784  99         
Trans/s    8993.65    111.66       78           472          102          136          214          23.80        4.68  Stream  TCP      500     4.68  21.877  99         
Trans/s    9374.60    106.79       81           404          99           131          200          22.93        2.97  Stream  TCP      500     2.97  13.174  99         
Trans/s    9162.95    109.67       79           596          98           138          232          27.88        5.28  Stream  TCP      500     5.28  24.315  99         
Trans/s    8935.88    113.06       81           507          104          139          257          31.71        5.11  Stream  TCP      500     5.11  23.802  99         
Trans/s    8259.94    123.10       82           480          105          172          303          42.62        6.46  Stream  TCP      500     6.46  34.488  99         
Trans/s    9093.21    109.79       84           6719         103          127          195          69.26        7.09  Stream  TCP      500     7.09  31.275  99         
Trans/s    8776.57    115.99       81           464          103          145          245          30.76        6.48  Stream  TCP      500     6.48  31.367  99         
Trans/s    8330.22    120.69       84           502          112          150          236          29.26        5.67  Stream  TCP      500     5.67  28.586  99         
Trans/s    8751.99    115.52       85           4404         102          148          234          52.55        5.13  Stream  TCP      500     5.13  25.259  99         
Trans/s    8646.86    116.98       82           459          109          146          239          29.07        6.57  Stream  TCP      500     6.57  32.082  99         
Trans/s    8999.79    112.90       86           526          99           140          293          34.19        4.62  Stream  TCP      500     4.62  22.729  99         
Trans/s    9460.50    105.76       83           317          100          123          195          20.10        4.33  Stream  TCP      500     4.33  18.433  99         
Trans/s    9147.18    109.98       80           564          98           139          252          29.95        5.57  Stream  TCP      500     5.57  25.288  99         
Trans/s    9261.86    108.21       86           624          98           135          207          23.63        5.32  Stream  TCP      500     5.32  23.682  99         
Trans/s    9564.44    104.47       82           8335         98           118          180          85.32        5.73  Stream  TCP      500     5.73  24.017  99         
Trans/s    8424.53    119.99       86           527          107          152          284          36.27        7.29  Stream  TCP      500     7.29  35.840  99         
Trans/s    8904.08    114.39       84           602          99           143          291          35.60        5.45  Stream  TCP      500     5.45  27.438  99         
Trans/s    8522.97    121.31       81           522          103          175          304          43.94        5.87  Stream  TCP      500     5.87  30.718  99         
Trans/s    8665.45    116.26       81           1152         105          150          255          34.68        5.25  Stream  TCP      500     5.25  24.778  99         
Trans/s    8433.84    120.26       82           542          109          158          254          34.68        6.43  Stream  TCP      500     6.43  31.660  99         
Trans/s    8672.83    115.59       83           547          100          145          255          34.26        6.06  Stream  TCP      500     6.06  28.630  99         
Trans/s    8988.61    111.93       80           448          100          145          220          27.16        4.65  Stream  TCP      500     4.65  20.899  99         
Trans/s    8554.13    117.14       80           402          107          148          238          30.06        5.05  Stream  TCP      500     5.05  24.566  99         
Trans/s    9120.78    109.96       81           1938         99           132          249          34.31        7.41  Stream  TCP      500     7.41  33.116  99         
Trans/s    8459.12    120.79       82           499          105          177          269          38.99        5.82  Stream  TCP      500     5.82  29.742  99         
Trans/s    8093.01    125.34       82           453          120          160          300          37.87        7.18  Stream  TCP      500     7.18  37.623  99         
Trans/s    9172.56    109.63       82           525          98           138          234          28.55        4.68  Stream  TCP      500     4.68  21.245  99         
Trans/s    9203.44    109.08       84           348          98           136          253          29.94        4.64  Stream  TCP      500     4.64  20.622  99         
Trans/s    8007.82    125.46       84           458          124          149          263          34.64        8.55  Stream  TCP      500     8.55  44.027  99         
Trans/s    7873.15    128.45       81           6847         118          185          303          79.75        7.55  Stream  TCP      500     7.55  39.772  99         
Trans/s    8149.53    124.04       82           502          109          166          303          41.07        7.22  Stream  TCP      500     7.22  36.707  99         
Trans/s    9368.11    106.52       81           494          101          122          193          19.65        6.34  Stream  TCP      500     6.34  27.234  99         
Trans/s    9604.28    103.83       85           376          98           115          190          18.23        3.91  Stream  TCP      500     3.91  16.281  99         
Trans/s    8672.09    115.99       80           439          102          145          257          33.05        5.06  Stream  TCP      500     5.06  24.083  99         
Trans/s    9000.78    111.54       82           563          99           138          242          28.67        5.58  Stream  TCP      500     5.58  26.351  99         
Trans/s    8678.66    116.41       82           1834         103          155          263          38.50        5.02  Stream  TCP      500     5.02  24.478  99         
Trans/s    8829.01    115.43       82           585          99           146          302          38.20        5.06  Stream  TCP      500     5.06  25.176  99         
Trans/s    9082.83    110.99       78           596          99           138          234          28.69        4.35  Stream  TCP      500     4.35  20.402  99         
Trans/s    9045.76    110.48       81           1278         105          134          217          25.57        5.17  Stream  TCP      500     5.17  22.932  99         
Trans/s    8696.31    121.41       86           531          99           188          308          50.72        5.45  Stream  TCP      500     5.45  28.939  99         
Trans/s    9626.91    103.79       86           356          98           116          188          18.24        5.85  Stream  TCP      500     5.85  24.159  99         
Trans/s    8376.07    120.87       83           561          103          155          306          42.01        6.48  Stream  TCP      500     6.48  32.069  99         
Trans/s    7956.86    127.83       83           529          121          183          305          43.35        6.95  Stream  TCP      500     6.95  36.750  99         
Trans/s    7881.23    127.43       81           471          122          175          255          34.68        7.30  Stream  TCP      500     7.30  37.922  99         
Trans/s    8873.63    113.41       81           547          103          149          238          30.71        6.02  Stream  TCP      500     6.02  27.761  99         
Trans/s    8840.22    115.12       85           6604         99           150          232          78.06        5.30  Stream  TCP      500     5.30  25.817  99         
Trans/s    7762.23    130.17       85           573          120          187          304          42.30        6.60  Stream  TCP      500     6.60  34.980  99         
Trans/s    8937.13    112.46       84           381          103          138          218          24.54        5.23  Stream  TCP      500     5.23  24.641  99         
Trans/s    8834.54    114.28       84           444          104          147          219          27.75        6.90  Stream  TCP      500     6.90  32.258  99         
Trans/s    9315.81    108.35       82           533          98           136          206          24.07        4.74  Stream  TCP      500     4.74  21.613  99         
Trans/s    8378.98    121.71       82           554          107          168          251          34.67        6.75  Stream  TCP      500     6.75  33.736  99         
Trans/s    8289.76    120.86       82           535          113          156          245          30.47        6.55  Stream  TCP      500     6.55  31.969  99         
Trans/s    7902.84    129.82       84           1335         114          189          307          49.34        6.35  Stream  TCP      500     6.35  35.231  99         
Trans/s    8109.92    124.39       82           568          120          163          271          37.05        6.98  Stream  TCP      500     6.98  35.914  99         
Trans/s    7901.39    126.86       82           521          123          160          272          35.69        6.89  Stream  TCP      500     6.89  35.334  99         
Trans/s    8807.94    114.85       81           486          99           146          236          29.66        5.21  Stream  TCP      500     5.21  25.641  99         
Trans/s    9101.98    110.24       80           527          99           136          226          25.70        5.17  Stream  TCP      500     5.17  23.399  99         
Trans/s    9111.53    110.22       79           3395         100          133          239          43.78        7.91  Stream  TCP      500     7.91  34.910  99         
Trans/s    8399.47    120.93       83           454          109          170          244          34.00        5.42  Stream  TCP      500     5.42  28.744  99         
Trans/s    8487.91    118.86       82           545          109          144          240          29.05        6.20  Stream  TCP      500     6.20  31.257  99         
Trans/s    8755.99    115.18       84           641          102          151          234          29.39        4.91  Stream  TCP      500     4.91  23.741  99         
Trans/s    8438.40    119.14       80           551          109          147          254          32.14        6.48  Stream  TCP      500     6.48  31.901  99         
Trans/s    9044.26    111.57       83           444          101          140          250          30.74        6.13  Stream  TCP      500     6.13  28.602  99         
Trans/s    7531.34    135.91       80           8332         110          225          325          100.19       7.42  Stream  TCP      500     7.42  41.739  99         
Trans/s    8652.22    116.50       81           623          106          149          244          30.89        5.94  Stream  TCP      500     5.94  28.563  99         
Trans/s    9357.08    107.00       81           464          98           127          220          24.71        6.53  Stream  TCP      500     6.53  28.400  99         
Trans/s    8324.92    121.06       84           540          112          156          242          31.77        6.31  Stream  TCP      500     6.31  31.171  99         
Trans/s    9060.08    110.63       84           465          99           136          233          26.97        4.69  Stream  TCP      500     4.69  21.157  99         
Trans/s    8499.42    121.56       82           491          104          166          305          44.06        5.86  Stream  TCP      500     5.86  30.259  99         
Trans/s    8365.14    120.41       82           6051         109          154          245          68.12        6.79  Stream  TCP      500     6.79  33.981  99         
Trans/s    7763.69    129.09       84           515          128          159          248          32.60        7.88  Stream  TCP      500     7.88  41.619  99         
Trans/s    8433.90    120.42       80           508          105          156          304          39.97        5.18  Stream  TCP      500     5.18  25.894  99         
Trans/s    8782.73    114.97       84           378          102          156          258          33.87        5.22  Stream  TCP      500     5.22  25.601  99         
Trans/s    8774.98    114.03       80           436          100          138          244          27.65        5.91  Stream  TCP      500     5.91  28.057  99         
Trans/s    8523.83    118.88       82           670          105          156          302          37.40        6.94  Stream  TCP      500     6.94  33.599  99         
Trans/s    7902.07    127.49       81           464          117          172          258          35.46        7.38  Stream  TCP      500     7.38  38.994  99         
Trans/s    8503.49    118.27       82           458          104          150          291          35.32        5.49  Stream  TCP      500     5.49  27.071  99         
Trans/s    9271.41    107.75       84           557          98           135          203          24.56        3.80  Stream  TCP      500     3.80  16.573  99         
Trans/s    9163.05    109.56       83           362          100          137          204          22.27        5.21  Stream  TCP      500     5.21  23.553  99         
Trans/s    8973.11    113.14       82           7402         98           147          299          82.66        3.41  Stream  TCP      500     3.41  16.747  99         
Trans/s    8770.38    115.56       81           1314         106          147          240          32.68        5.16  Stream  TCP      500     5.16  25.415  99         
Trans/s    8016.53    125.64       82           598          121          161          297          37.41        7.74  Stream  TCP      500     7.74  40.424  99         
Trans/s    9016.74    111.45       81           561          99           141          228          27.60        6.89  Stream  TCP      500     6.89  31.985  99         
Trans/s    9251.59    108.26       85           535          98           139          232          26.89        4.56  Stream  TCP      500     4.56  20.132  99         
Trans/s    8476.42    119.30       83           882          106          149          273          35.73        6.09  Stream  TCP      500     6.09  29.972  99         
Trans/s    8415.38    119.64       81           494          110          152          231          29.54        6.49  Stream  TCP      500     6.49  32.036  99         
Trans/s    8633.01    116.83       82           543          102          147          255          34.21        6.67  Stream  TCP      500     6.67  32.399  99         
Trans/s    8762.96    114.40       84           544          104          151          227          30.28        4.56  Stream  TCP      500     4.56  21.127  99         
Trans/s    8936.72    112.44       77           527          100          145          240          30.77        4.77  Stream  TCP      500     4.77  22.273  99         
