MIGRATED TCP REQUEST/RESPONSE TEST from 0.0.0.0 (0.0.0.0) port 0 AF_INET to 10.69.0.3 (10.69.0) port 0 AF_INET : +/-2.500% @ 99% conf.  : nodelay : first burst 0
Throughput Throughput Mean         Minimum      Maximum      50th         90th         99th         Stddev       Local Socket  Protocol Request Local Local   Confidence 
Units                 Latency      Latency      Latency      Percentile   Percentile   Percentile   Latency      CPU   Type             Size    CPU   Service Level      
                      Microseconds Microseconds Microseconds Latency      Latency      Latency      Microseconds Util                   Bytes   Util  Demand  Percent    
                                                             Microseconds Microseconds Microseconds              %                              %                        
Trans/s    11339.96   88.36        71           391          81           107          161          16.99        5.03  Stream  TCP      1       5.03  18.426  99         
Trans/s    10006.44   101.95       66           450          88           138          237          32.87        6.37  Stream  TCP      1       6.37  27.043  99         
Trans/s    9820.97    102.50       77           460          91           137          230          31.08        6.42  Stream  TCP      1       6.42  27.092  99         
Trans/s    11060.43   90.74        68           752          83           117          173          22.75        7.21  Stream  TCP      1       7.21  26.349  99         
Trans/s    9870.43    101.95       69           559          92           129          203          27.78        6.10  Stream  TCP      1       6.10  26.217  99         
Trans/s    10485.96   96.28        68           571          85           128          213          28.31        6.03  Stream  TCP      1       6.03  24.335  99         
Trans/s    9567.33    105.84       70           451          102          130          248          30.81        6.91  Stream  TCP      1       6.91  30.340  99         
Trans/s    11058.22   91.75        67           334          82           109          231          27.78        3.75  Stream  TCP      1       3.75  15.417  99         
Trans/s    10841.28   93.40        73           578          83           122          176          22.96        6.07  Stream  TCP      1       6.07  23.871  99         
Trans/s    11017.72   91.75        66           383          83           118          179          22.22        5.20  Stream  TCP      1       5.20  20.895  99         
Trans/s    11002.61   91.48        74           7302         85           114          187          76.36        5.03  Stream  TCP      1       5.03  19.392  99         
Trans/s    8839.50    112.67       75           491          114          133          206          25.47        9.40  Stream  TCP      1       9.40  43.004  99         
Trans/s    10182.76   98.65        64           484          88           128          187          24.63        5.88  Stream  TCP      1       5.88  24.062  99         
Trans/s    11019.31   92.00        65           2929         81           123          150          35.05        7.96  Stream  TCP      1       7.96  30.980  99         
Trans/s    10504.76   96.64        67           1186         86           119          214          29.01        6.02  Stream  TCP      1       6.02  25.402  99         
Trans/s    9810.44    102.39       68           486          96           128          212          27.69        7.57  Stream  TCP      1       7.57  31.695  99         
Trans/s    9685.63    104.24       70           460          101          128          210          25.87        7.58  Stream  TCP      1       7.58  32.039  99         
Trans/s    9971.31    100.65       67           620          90           128          194          27.70        6.35  Stream  TCP      1       6.35  26.404  99         
Trans/s    10415.15   97.50        69           539          87           118          222          27.08        5.69  Stream  TCP      1       5.69  23.716  99         
Trans/s    10830.77   94.00        68           449          83           119          237          28.62        6.52  Stream  TCP      1       6.52  24.921  99         
Trans/s    11018.18   92.05        66           649          82           119          166          22.87        6.15  Stream  TCP      1       6.15  24.205  99         
Trans/s    9951.51    102.72       65           523          88           127          291          34.76        6.86  Stream  TCP      1       6.86  29.990  99         
Trans/s    10835.03   92.95        67           736          85           117          167          21.61        3.87  Stream  TCP      1       3.87  15.256  99         
Trans/s    10227.13   100.50       67           590          84           132          291          38.49        8.46  Stream  TCP      1       8.46  35.294  99         
Trans/s    10264.89   99.27        74           613          86           128          208          29.03        6.49  Stream  TCP      1       6.49  26.882  99         
Trans/s    10072.70   100.88       75           510          85           126          294          38.31        6.78  Stream  TCP      1       6.78  28.661  99         
Trans/s    9743.72    105.07       65           618          90           131          291          38.94        7.11  Stream  TCP      1       7.11  31.654  99         
Trans/s    11203.20   91.03        73           408          82           107          236          27.11        4.98  Stream  TCP      1       4.98  19.539  99         
Trans/s    10505.37   96.30        67           432          85           125          190          24.89        5.08  Stream  TCP      1       5.08  20.836  99         
Trans/s    11137.69   89.58        64           471          83           107          196          22.74        4.30  Stream  TCP      1       4.30  15.711  99         
Trans/s    11631.71   85.78        66           570          81           98           172          16.71        4.85  Stream  TCP      1       4.85  16.751  99         
Trans/s    10018.80   101.00       68           441          88           127          237          30.07        7.40  Stream  TCP      1       7.40  30.964  99         
Trans/s    10923.66   91.84        67           1481         82           122          185          27.79        4.98  Stream  TCP      1       4.98  18.878  99         
Trans/s    10802.38   94.62        66           352          84           116          276          31.51        6.98  Stream  TCP      1       6.98  27.642  99         
Trans/s    10710.59   94.05        66           4712         84           118          183          51.41        6.70  Stream  TCP      1       6.70  26.113  99         
Trans/s    10361.43   96.95        66           1289         87           119          185          26.16        7.21  Stream  TCP      1       7.21  29.025  99         
Trans/s    11749.44   84.90        66           540          81           94           154          15.62        3.94  Stream  TCP      1       3.94  13.549  99         
Trans/s    11355.83   87.88        68           342          85           100          160          14.97        4.14  Stream  TCP      1       4.14  14.726  99         
Trans/s    9914.35    104.10       66           463          85           143          293          43.01        5.86  Stream  TCP      1       5.86  27.772  99         
Trans/s    10900.27   92.09        66           557          85           114          193          23.93        5.37  Stream  TCP      1       5.37  20.486  99         
Trans/s    11460.77   87.35        65           362          82           104          147          16.39        5.16  Stream  TCP      1       5.16  18.527  99         
Trans/s    10270.41   97.24        73           368          100          115          166          18.21        7.11  Stream  TCP      1       7.11  28.333  99         
Trans/s    10824.78   92.42        73           887          82           116          236          28.78        4.73  Stream  TCP      1       4.73  17.948  99         
Trans/s    11500.41   87.11        64           287          82           100          154          14.40        4.14  Stream  TCP      1       4.14  14.515  99         
Trans/s    10212.47   98.43        68           388          91           120          193          23.03        10.97  Stream  TCP      1       10.97  43.442  99         
Trans/s    10722.85   94.32        65           1276         84           117          202          28.49        6.48  Stream  TCP      1       6.48  26.176  99         
Trans/s    11007.08   91.82        65           364          81           116          215          24.88        5.28  Stream  TCP      1       5.28  20.748  99         
Trans/s    9520.96    107.27       66           633          97           138          288          36.78        8.03  Stream  TCP      1       8.03  37.294  99         
Trans/s    9357.37    108.19       64           577          112          132          221          28.99        8.07  Stream  TCP      1       8.07  36.646  99         
Trans/s    10108.70   100.25       65           7224         86           128          213          97.64        6.32  Stream  TCP      1       6.32  27.062  99         
Trans/s    10366.74   97.64        65           471          84           125          234          30.16        5.90  Stream  TCP      1       5.90  25.121  99         
Trans/s    10588.00   95.81        66           533          87           125          182          24.38        6.40  Stream  TCP      1       6.40  25.637  99         
Trans/s    9750.56    103.68       65           1139         91           139          253          35.56        6.59  Stream  TCP      1       6.59  28.361  99         
Trans/s    11263.28   89.56        65           350          81           106          240          25.36        5.32  Stream  TCP      1       5.32  19.823  99         
Trans/s    11281.29   88.75        65           488          83           110          161          18.11        6.92  Stream  TCP      1       6.92  24.795  99         
Trans/s    10506.78   96.23        65           642          86           123          185          24.56        5.72  Stream  TCP      1       5.72  23.978  99         
Trans/s    11019.85   90.88        67           397          82           114          201          24.65        5.76  Stream  TCP      1       5.76  21.560  99         
Trans/s    11070.74   90.61        65           494          85           113          171          20.07        4.22  Stream  TCP      1       4.22  15.687  99         
Trans/s    10345.68   97.80        64           485          86           125          195          25.96        6.41  Stream  TCP      1       6.41  26.164  99         
Trans/s    9291.93    108.97       73           586          102          143          220          32.93        5.56  Stream  TCP      1       5.56  25.053  99         
Trans/s    10317.36   97.45        65           551          87           123          205          26.36        7.07  Stream  TCP      1       7.07  28.932  99         
Trans/s    10455.55   96.24        64           473          85           126          183          24.24        5.66  Stream  TCP      1       5.66  22.609  99         
Trans/s    11231.63   89.33        70           346          82           112          164          17.43        4.04  Stream  TCP      1       4.04  14.789  99         
Trans/s    10106.29   101.22       66           519          87           128          290          33.75        6.67  Stream  TCP      1       6.67  28.047  99         
Trans/s    10328.76   97.90        64           475          86           126          235          29.88        6.44  Stream  TCP      1       6.44  26.518  99         
Trans/s    11464.62   86.99        74           311          83           97           160          14.76        6.73  Stream  TCP      1       6.73  23.625  99         
Trans/s    10660.89   94.83        71           452          84           125          239          29.17        5.40  Stream  TCP      1       5.40  21.176  99         
Trans/s    10158.22   99.87        65           1842         87           126          244          35.96        6.56  Stream  TCP      1       6.56  27.861  99         
Trans/s    11186.94   89.34        67           318          85           104          151          15.00        5.97  Stream  TCP      1       5.97  22.004  99         
Trans/s    11276.74   88.64        66           284          86           104          152          14.15        5.88  Stream  TCP      1       5.88  21.111  99         
Trans/s    10703.25   93.47        68           605          92           107          163          17.05        7.67  Stream  TCP      1       7.67  29.282  99         
Trans/s    9252.38    110.24       68           471          106          136          269          33.03        9.29  Stream  TCP      1       9.29  43.689  99         
Trans/s    11560.32   86.43        67           344          83           97           151          14.18        4.83  Stream  TCP      1       4.83  16.711  99         
Trans/s    9954.91    101.46       65           1587         86           129          275          38.55        7.57  Stream  TCP      1       7.57  31.267  99         
Trans/s    9874.92    102.46       68           433          87           134          290          36.58        5.63  Stream  TCP      1       5.63  23.711  99         
Trans/s    10921.34   92.10        76           409          85           122          174          21.41        12.52  Stream  TCP      1       12.52  46.480  99         
Trans/s    11725.85   85.08        66           471          84           94           109          9.49         29.42  Stream  TCP      1       29.42  100.477  99         
Trans/s    11824.64   84.36        64           278          82           94           112          9.05         28.11  Stream  TCP      1       28.11  95.277  99         
Trans/s    10840.22   92.84        66           473          87           117          146          17.61        18.60  Stream  TCP      1       18.60  67.609  99         
Trans/s    11373.31   87.82        75           481          81           106          168          18.55        5.18  Stream  TCP      1       5.18  18.353  99         
Trans/s    11444.05   87.49        64           467          80           110          219          24.59        4.41  Stream  TCP      1       4.41  15.949  99         
Trans/s    10653.51   94.22        67           612          85           118          213          26.22        5.66  Stream  TCP      1       5.66  22.027  99         
Trans/s    11268.59   88.48        76           319          86           100          137          12.35        4.92  Stream  TCP      1       4.92  17.543  99         
Trans/s    9973.29    102.82       68           451          86           150          255          37.47        5.90  Stream  TCP      1       5.90  26.082  99         
Trans/s    11162.71   89.88        66           1302         82           112          167          22.77        4.45  Stream  TCP      1       4.45  16.600  99         
Trans/s    11267.92   89.13        66           573          81           113          159          19.16        4.26  Stream  TCP      1       4.26  15.899  99         
Trans/s    10592.27   95.39        65           468          85           124          197          25.38        7.43  Stream  TCP      1       7.43  29.012  99         
Trans/s    10464.40   96.94        70           503          86           123          230          27.75        6.30  Stream  TCP      1       6.30  25.400  99         
Trans/s    10098.92   99.39        67           461          89           125          220          26.44        7.07  Stream  TCP      1       7.07  28.456  99         
Trans/s    11237.10   89.40        65           498          82           113          162          19.50        6.52  Stream  TCP      1       6.52  24.023  99         
Trans/s    10940.50   91.32        64           7032         85           108          196          72.97        4.29  Stream  TCP      1       4.29  15.842  99         
Trans/s    9347.08    108.46       74           438          103          137          303          39.76        9.03  Stream  TCP      1       9.03  40.024  99         
Trans/s    10997.53   93.11        77           498          82           108          292          33.77        4.18  Stream  TCP      1       4.18  16.292  99         
Trans/s    10505.53   95.76        67           456          86           118          191          23.40        5.33  Stream  TCP      1       5.33  21.010  99         
Trans/s    10208.88   98.57        66           1226         86           126          204          28.58        6.92  Stream  TCP      1       6.92  28.019  99         
Trans/s    10353.01   98.46        66           538          84           127          289          36.02        6.30  Stream  TCP      1       6.30  25.909  99         
Trans/s    11355.03   88.37        64           526          81           105          205          23.65        4.35  Stream  TCP      1       4.35  15.721  99         
Trans/s    10345.38   98.52        67           385          85           128          234          30.55        6.01  Stream  TCP      1       6.01  24.393  99         
Trans/s    8600.17    116.12       73           528          114          143          212          27.98        7.90  Stream  TCP      1       7.90  37.051  99         
Trans/s    10854.23   92.34        72           721          85           118          185          23.25        8.57  Stream  TCP      1       8.57  31.211  99         
