MIGRATED TCP REQUEST/RESPONSE TEST from 0.0.0.0 (0.0.0.0) port 0 AF_INET to 10.69.0.3 (10.69.0) port 0 AF_INET : +/-2.500% @ 99% conf.  : nodelay : first burst 0
Throughput Throughput Mean         Minimum      Maximum      50th         90th         99th         Stddev       Local Socket  Protocol Request Local Local   Confidence 
Units                 Latency      Latency      Latency      Percentile   Percentile   Percentile   Latency      CPU   Type             Size    CPU   Service Level      
                      Microseconds Microseconds Microseconds Latency      Latency      Latency      Microseconds Util                   Bytes   Util  Demand  Percent    
                                                             Microseconds Microseconds Microseconds              %                              %                        
Trans/s    7317.72    139.68       95           679          121          193          298          41.93        4.73  Stream  TCP      1000    4.73  29.305  99         
Trans/s    7200.38    141.90       97           541          131          195          310          44.07        4.97  Stream  TCP      1000    4.97  30.412  99         
Trans/s    7214.79    140.95       101          599          126          190          297          42.23        5.55  Stream  TCP      1000    5.55  32.655  99         
Trans/s    8421.91    119.06       94           436          115          144          198          19.78        6.96  Stream  TCP      1000    6.96  33.656  99         
Trans/s    8291.60    121.54       93           529          113          159          245          29.15        4.02  Stream  TCP      1000    4.02  20.660  99         
Trans/s    6701.87    150.81       95           492          140          209          305          43.80        7.24  Stream  TCP      1000    7.24  44.520  99         
Trans/s    8149.95    123.43       94           547          114          152          255          30.14        4.49  Stream  TCP      1000    4.49  22.898  99         
Trans/s    7536.99    135.67       95           5692         117          187          319          70.90        4.91  Stream  TCP      1000    4.91  27.992  99         
Trans/s    8363.36    119.57       95           374          114          150          211          22.68        3.69  Stream  TCP      1000    3.69  17.951  99         
Trans/s    7514.47    139.02       100          563          117          217          317          51.30        5.48  Stream  TCP      1000    5.48  34.737  99         
Trans/s    7306.20    138.78       99           2082         120          186          304          45.74        7.78  Stream  TCP      1000    7.78  44.311  99         
Trans/s    7452.00    136.16       97           511          119          184          293          37.90        4.81  Stream  TCP      1000    4.81  27.906  99         
Trans/s    6727.98    151.99       97           6606         142          230          309          82.78        7.45  Stream  TCP      1000    7.45  46.719  99         
Trans/s    7075.24    146.58       94           633          127          224          328          51.41        6.72  Stream  TCP      1000    6.72  43.439  99         
Trans/s    7649.86    132.59       102          707          118          175          273          37.28        5.30  Stream  TCP      1000    5.30  29.131  99         
Trans/s    8405.76    119.52       94           1047         114          152          213          24.03        4.46  Stream  TCP      1000    4.46  21.864  99         
Trans/s    7409.60    136.15       98           682          122          171          300          37.01        6.05  Stream  TCP      1000    6.05  34.679  99         
Trans/s    6978.78    146.38       99           467          136          206          309          45.62        5.92  Stream  TCP      1000    5.92  36.355  99         
Trans/s    7885.60    128.35       96           577          116          166          285          34.72        5.91  Stream  TCP      1000    5.91  30.935  99         
Trans/s    7191.88    142.61       98           542          136          195          313          44.91        7.14  Stream  TCP      1000    7.14  43.626  99         
Trans/s    6839.69    149.23       98           644          141          219          323          48.39        6.68  Stream  TCP      1000    6.68  42.521  99         
Trans/s    7392.44    137.24       100          1746         119          184          303          44.57        6.26  Stream  TCP      1000    6.26  34.727  99         
Trans/s    7304.51    140.88       95           460          117          221          312          49.11        5.60  Stream  TCP      1000    5.60  33.465  99         
Trans/s    6811.33    151.77       95           578          130          233          335          55.40        5.75  Stream  TCP      1000    5.75  38.323  99         
Trans/s    6871.46    151.26       101          851          130          236          345          57.46        7.61  Stream  TCP      1000    7.61  50.704  99         
Trans/s    7883.44    127.88       94           481          115          167          255          32.21        6.14  Stream  TCP      1000    6.14  31.158  99         
Trans/s    7359.05    138.42       94           593          124          184          299          39.61        5.33  Stream  TCP      1000    5.33  31.820  99         
Trans/s    7497.50    136.73       99           536          119          186          299          42.56        4.63  Stream  TCP      1000    4.63  27.672  99         
Trans/s    6944.09    150.10       94           662          134          222          319          51.11        6.53  Stream  TCP      1000    6.53  42.205  99         
Trans/s    6407.79    158.45       99           669          145          241          325          53.18        8.03  Stream  TCP      1000    8.03  52.936  99         
Trans/s    7221.61    142.37       99           631          119          207          319          48.36        5.45  Stream  TCP      1000    5.45  32.799  99         
Trans/s    6845.24    150.78       96           559          139          229          312          49.04        8.71  Stream  TCP      1000    8.71  52.496  99         
Trans/s    7895.81    128.56       95           430          116          164          284          34.74        7.55  Stream  TCP      1000    7.55  40.228  99         
Trans/s    6759.65    152.57       95           535          139          220          317          50.11        6.56  Stream  TCP      1000    6.56  41.575  99         
Trans/s    8188.84    123.14       94           417          113          161          255          30.81        3.70  Stream  TCP      1000    3.70  18.752  99         
Trans/s    7529.50    134.48       95           557          119          172          290          36.59        5.00  Stream  TCP      1000    5.00  28.444  99         
Trans/s    7352.18    137.78       94           577          124          186          303          41.14        5.90  Stream  TCP      1000    5.90  34.219  99         
Trans/s    7003.21    145.89       99           584          137          213          321          48.08        6.73  Stream  TCP      1000    6.73  41.608  99         
Trans/s    8152.20    122.96       99           480          115          163          228          26.52        3.80  Stream  TCP      1000    3.80  18.924  99         
Trans/s    7994.38    127.78       99           10453        116          161          285          125.91       7.83  Stream  TCP      1000    7.83  43.939  99         
Trans/s    6838.55    147.71       99           6383         137          201          308          84.51        5.54  Stream  TCP      1000    5.54  34.034  99         
Trans/s    7490.72    136.91       98           544          119          195          304          43.30        5.71  Stream  TCP      1000    5.71  33.799  99         
Trans/s    7409.50    138.71       95           529          119          194          286          41.16        5.26  Stream  TCP      1000    5.26  31.442  99         
Trans/s    7669.96    132.07       97           518          118          172          302          37.23        5.05  Stream  TCP      1000    5.05  28.539  99         
Trans/s    6806.47    147.80       104          476          140          199          297          40.83        7.16  Stream  TCP      1000    7.16  43.822  99         
Trans/s    7860.46    128.06       95           424          116          179          255          33.48        2.51  Stream  TCP      1000    2.51  13.086  99         
Trans/s    7129.90    143.05       92           552          133          205          315          45.56        8.92  Stream  TCP      1000    8.92  52.248  99         
Trans/s    7768.08    130.91       92           565          115          178          291          37.94        6.37  Stream  TCP      1000    6.37  34.856  99         
Trans/s    7072.10    145.12       93           556          133          210          310          47.44        5.33  Stream  TCP      1000    5.33  34.103  99         
Trans/s    7124.65    143.16       94           1216         136          188          291          43.82        6.29  Stream  TCP      1000    6.29  38.031  99         
Trans/s    7550.86    135.13       93           508          117          188          305          42.19        4.90  Stream  TCP      1000    4.90  27.582  99         
Trans/s    7305.26    141.20       92           446          124          206          306          46.08        6.15  Stream  TCP      1000    6.15  37.291  99         
Trans/s    8415.07    118.84       93           567          110          150          217          24.92        3.55  Stream  TCP      1000    3.55  17.021  99         
Trans/s    8132.94    125.13       92           537          109          166          246          31.42        3.89  Stream  TCP      1000    3.89  21.056  99         
Trans/s    7863.19    128.22       93           644          115          172          264          34.03        7.12  Stream  TCP      1000    7.12  37.496  99         
Trans/s    7208.61    143.99       92           444          118          223          326          52.65        5.37  Stream  TCP      1000    5.37  33.083  99         
Trans/s    7383.55    140.75       93           561          119          212          312          47.90        5.70  Stream  TCP      1000    5.70  35.686  99         
Trans/s    7675.82    133.44       92           468          117          178          307          40.61        5.20  Stream  TCP      1000    5.20  30.006  99         
Trans/s    7923.46    127.63       92           439          114          168          263          32.69        5.47  Stream  TCP      1000    5.47  29.167  99         
Trans/s    8175.97    123.77       92           663          108          172          290          35.56        3.60  Stream  TCP      1000    3.60  18.074  99         
Trans/s    6866.77    150.52       93           548          139          235          314          51.30        6.37  Stream  TCP      1000    6.37  40.649  99         
Trans/s    8192.98    122.34       93           584          114          154          232          25.73        7.28  Stream  TCP      1000    7.28  35.380  99         
Trans/s    7244.73    140.64       94           582          126          191          308          43.13        5.49  Stream  TCP      1000    5.49  33.239  99         
Trans/s    7788.61    130.59       92           662          115          177          297          39.99        4.63  Stream  TCP      1000    4.63  25.007  99         
Trans/s    7909.33    127.58       94           466          117          167          237          30.43        4.56  Stream  TCP      1000    4.56  24.009  99         
Trans/s    8446.55    118.29       97           370          114          138          218          23.12        3.29  Stream  TCP      1000    3.29  15.568  99         
Trans/s    6842.90    147.11       100          640          140          207          324          47.80        7.04  Stream  TCP      1000    7.04  42.727  99         
Trans/s    7690.15    132.20       98           545          117          176          301          39.37        5.56  Stream  TCP      1000    5.56  30.518  99         
Trans/s    7550.11    135.66       98           5019         117          186          302          65.34        5.76  Stream  TCP      1000    5.76  34.655  99         
Trans/s    8335.90    119.93       93           2783         114          143          211          34.48        5.44  Stream  TCP      1000    5.44  26.681  99         
Trans/s    6952.57    147.00       98           548          134          220          318          48.88        7.29  Stream  TCP      1000    7.29  46.289  99         
Trans/s    8103.15    125.51       95           420          115          164          301          34.98        4.42  Stream  TCP      1000    4.42  23.755  99         
Trans/s    7983.04    126.26       97           506          116          163          263          30.71        4.53  Stream  TCP      1000    4.53  22.886  99         
Trans/s    7025.66    145.75       95           578          137          221          317          49.57        6.72  Stream  TCP      1000    6.72  41.774  99         
Trans/s    7235.50    141.52       94           670          119          204          314          47.60        5.99  Stream  TCP      1000    5.99  35.854  99         
Trans/s    8220.34    121.86       99           573          115          152          240          25.82        3.51  Stream  TCP      1000    3.51  17.339  99         
Trans/s    7678.84    132.91       93           2157         117          174          297          44.30        6.18  Stream  TCP      1000    6.18  33.740  99         
Trans/s    7601.19    133.16       96           498          117          182          299          39.48        5.28  Stream  TCP      1000    5.28  29.818  99         
Trans/s    7553.53    134.28       96           654          118          178          259          36.24        5.34  Stream  TCP      1000    5.34  31.044  99         
Trans/s    7612.93    132.02       94           1895         122          166          254          35.53        5.73  Stream  TCP      1000    5.73  31.472  99         
Trans/s    7198.10    140.59       96           645          126          195          309          42.60        5.93  Stream  TCP      1000    5.93  36.079  99         
Trans/s    7341.49    138.13       99           498          119          186          311          41.00        5.60  Stream  TCP      1000    5.60  32.030  99         
Trans/s    7595.85    135.59       94           516          118          187          311          42.69        4.17  Stream  TCP      1000    4.17  25.539  99         
Trans/s    7974.94    128.21       100          573          115          171          310          40.02        4.51  Stream  TCP      1000    4.51  24.763  99         
Trans/s    7592.16    133.06       95           4076         119          176          266          56.43        6.01  Stream  TCP      1000    6.01  33.602  99         
Trans/s    7605.05    133.06       95           7136         118          179          272          78.91        5.16  Stream  TCP      1000    5.16  29.498  99         
Trans/s    8002.85    126.26       97           1684         117          160          230          31.11        5.86  Stream  TCP      1000    5.86  31.201  99         
Trans/s    8625.72    115.76       93           328          113          131          176          14.70        4.77  Stream  TCP      1000    4.77  21.904  99         
Trans/s    7910.63    127.69       100          1136         117          168          262          32.87        4.10  Stream  TCP      1000    4.10  21.905  99         
Trans/s    7012.82    144.39       101          583          135          212          312          46.89        7.54  Stream  TCP      1000    7.54  45.604  99         
Trans/s    7043.21    144.21       100          695          130          210          314          46.63        5.90  Stream  TCP      1000    5.90  36.140  99         
Trans/s    8157.38    123.09       98           394          114          159          270          31.83        7.13  Stream  TCP      1000    7.13  34.958  99         
Trans/s    7317.38    141.34       95           6821         125          197          316          81.44        6.43  Stream  TCP      1000    6.43  39.912  99         
Trans/s    7407.75    137.82       98           557          119          187          303          41.45        5.41  Stream  TCP      1000    5.41  31.443  99         
Trans/s    8126.13    126.76       95           1740         113          174          309          44.27        4.45  Stream  TCP      1000    4.45  23.529  99         
Trans/s    8456.77    118.47       98           517          114          143          209          20.95        3.19  Stream  TCP      1000    3.19  15.360  99         
Trans/s    7889.33    128.50       101          565          116          168          288          35.65        4.38  Stream  TCP      1000    4.38  23.788  99         
Trans/s    7937.76    126.28       96           516          117          160          248          29.01        4.91  Stream  TCP      1000    4.91  25.225  99         
Trans/s    8633.90    115.57       95           6760         113          123          188          68.66        2.86  Stream  TCP      1000    2.86  13.223  99         
Trans/s    7300.36    139.14       99           797          127          186          296          39.10        7.99  Stream  TCP      1000    7.99  44.436  99         
