MIGRATED TCP REQUEST/RESPONSE TEST from 0.0.0.0 (0.0.0.0) port 0 AF_INET to 10.69.0.3 (10.69.0) port 0 AF_INET : +/-2.500% @ 99% conf.  : nodelay : first burst 0
Throughput Throughput Mean         Minimum      Maximum      50th         90th         99th         Stddev       Local Socket  Protocol Request Local Local   Confidence 
Units                 Latency      Latency      Latency      Percentile   Percentile   Percentile   Latency      CPU   Type             Size    CPU   Service Level      
                      Microseconds Microseconds Microseconds Latency      Latency      Latency      Microseconds Util                   Bytes   Util  Demand  Percent    
                                                             Microseconds Microseconds Microseconds              %                              %                        
Trans/s    8809.01    114.38       79           505          104          149          272          32.97        5.92  Stream  TCP      500     5.92  27.762  99         
Trans/s    8720.87    116.23       79           502          103          154          254          34.29        5.04  Stream  TCP      500     5.04  24.690  99         
Trans/s    8361.32    121.94       78           633          107          164          302          40.56        6.15  Stream  TCP      500     6.15  32.378  99         
Trans/s    8380.52    120.80       79           819          107          153          291          39.30        5.96  Stream  TCP      500     5.96  29.309  99         
Trans/s    7916.43    126.59       80           479          122          164          292          38.18        7.54  Stream  TCP      500     7.54  38.498  99         
Trans/s    9538.31    104.59       80           2281         99           118          190          28.59        4.96  Stream  TCP      500     4.96  20.870  99         
Trans/s    9301.49    108.25       79           481          100          131          235          26.73        5.26  Stream  TCP      500     5.26  23.454  99         
Trans/s    8816.22    113.95       79           545          104          143          229          28.04        8.06  Stream  TCP      500     8.06  37.554  99         
Trans/s    8242.95    122.80       79           1306         119          151          256          36.07        6.57  Stream  TCP      500     6.57  33.176  99         
Trans/s    9480.12    106.80       78           469          96           130          230          26.78        4.71  Stream  TCP      500     4.71  21.443  99         
Trans/s    9181.67    108.94       79           570          98           138          232          28.17        4.94  Stream  TCP      500     4.94  22.080  99         
Trans/s    9080.09    112.99       77           489          98           154          301          39.14        4.67  Stream  TCP      500     4.67  23.201  99         
Trans/s    8442.15    119.93       79           480          112          152          290          35.29        5.37  Stream  TCP      500     5.37  27.610  99         
Trans/s    8607.70    117.94       79           452          100          158          294          37.51        7.49  Stream  TCP      500     7.49  36.843  99         
Trans/s    8539.45    120.51       79           844          103          170          306          44.18        5.62  Stream  TCP      500     5.62  29.349  99         
Trans/s    9105.05    110.44       78           515          102          143          212          26.54        4.71  Stream  TCP      500     4.71  21.352  99         
Trans/s    8849.65    114.83       78           522          99           147          285          35.94        8.13  Stream  TCP      500     8.13  37.506  99         
Trans/s    8611.61    118.11       80           559          105          152          298          37.89        5.70  Stream  TCP      500     5.70  27.691  99         
Trans/s    8734.30    117.04       79           8375         102          155          286          92.22        7.93  Stream  TCP      500     7.93  39.224  99         
Trans/s    9013.41    111.47       78           555          102          142          210          26.05        5.04  Stream  TCP      500     5.04  23.826  99         
Trans/s    8929.81    112.80       79           1626         101          143          251          35.83        4.60  Stream  TCP      500     4.60  22.201  99         
Trans/s    9106.19    112.70       78           1289         97           152          300          39.33        4.56  Stream  TCP      500     4.56  21.226  99         
Trans/s    9327.77    108.51       78           576          97           138          241          29.76        5.30  Stream  TCP      500     5.30  23.642  99         
Trans/s    8170.54    124.01       79           547          115          171          291          37.98        5.52  Stream  TCP      500     5.52  29.451  99         
Trans/s    9003.39    114.19       79           1237         99           152          302          41.68        7.49  Stream  TCP      500     7.49  34.554  99         
Trans/s    8720.48    115.04       86           505          103          143          244          30.42        6.42  Stream  TCP      500     6.42  30.528  99         
Trans/s    9349.18    106.96       83           553          98           131          200          22.92        4.66  Stream  TCP      500     4.66  20.470  99         
Trans/s    8762.44    114.99       85           525          101          145          239          28.98        5.42  Stream  TCP      500     5.42  26.501  99         
Trans/s    8831.11    114.16       81           485          102          142          252          31.39        5.62  Stream  TCP      500     5.62  26.868  99         
Trans/s    8926.35    112.29       85           1329         103          142          235          31.59        4.89  Stream  TCP      500     4.89  21.934  99         
Trans/s    8263.11    123.87       82           477          110          170          306          42.41        6.27  Stream  TCP      500     6.27  33.661  99         
Trans/s    8269.31    122.13       80           465          117          154          246          31.63        6.57  Stream  TCP      500     6.57  33.810  99         
Trans/s    8715.81    116.59       80           483          101          153          298          38.10        6.06  Stream  TCP      500     6.06  29.789  99         
Trans/s    8916.43    113.54       82           458          102          139          243          30.67        6.71  Stream  TCP      500     6.71  30.799  99         
Trans/s    8799.73    114.43       80           554          101          141          272          32.47        6.31  Stream  TCP      500     6.31  29.972  99         
Trans/s    8824.91    113.56       83           543          104          139          224          27.49        4.39  Stream  TCP      500     4.39  20.426  99         
Trans/s    8210.72    124.05       83           539          109          181          253          36.70        6.47  Stream  TCP      500     6.47  33.891  99         
Trans/s    9397.54    106.50       84           537          98           127          198          22.33        3.17  Stream  TCP      500     3.17  13.718  99         
Trans/s    8253.20    122.54       84           461          109          165          250          34.52        7.24  Stream  TCP      500     7.24  36.747  99         
Trans/s    8450.42    120.45       81           506          99           167          309          43.12        5.70  Stream  TCP      500     5.70  29.583  99         
Trans/s    7805.74    130.42       82           553          122          186          314          47.13        7.14  Stream  TCP      500     7.14  39.949  99         
Trans/s    8859.79    113.84       82           549          101          140          257          31.40        6.97  Stream  TCP      500     6.97  32.407  99         
Trans/s    9411.70    106.11       81           529          98           126          207          22.13        6.09  Stream  TCP      500     6.09  26.178  99         
Trans/s    9082.16    110.29       86           428          99           138          208          24.29        4.82  Stream  TCP      500     4.82  21.695  99         
Trans/s    8971.70    112.72       81           540          99           149          250          32.02        4.59  Stream  TCP      500     4.59  22.234  99         
Trans/s    8722.72    116.17       79           765          104          141          243          30.57        6.08  Stream  TCP      500     6.08  29.470  99         
Trans/s    9108.05    110.66       83           410          102          137          208          25.30        4.88  Stream  TCP      500     4.88  23.120  99         
Trans/s    8270.15    122.83       79           566          108          167          306          40.69        7.21  Stream  TCP      500     7.21  36.759  99         
Trans/s    8368.54    121.35       79           525          106          167          306          40.71        6.29  Stream  TCP      500     6.29  32.442  99         
Trans/s    8001.31    126.65       82           449          122          156          302          36.88        7.49  Stream  TCP      500     7.49  39.955  99         
Trans/s    9505.33    105.27       83           533          98           125          189          20.05        5.77  Stream  TCP      500     5.77  24.555  99         
Trans/s    8667.87    116.52       81           1865         102          149          258          36.80        5.52  Stream  TCP      500     5.52  26.412  99         
Trans/s    8809.72    114.70       81           476          100          145          255          32.82        5.87  Stream  TCP      500     5.87  28.453  99         
Trans/s    8638.48    117.97       81           7214         105          149          268          97.51        5.84  Stream  TCP      500     5.84  29.717  99         
Trans/s    8594.64    116.62       84           503          106          139          241          27.93        6.81  Stream  TCP      500     6.81  32.659  99         
Trans/s    8981.22    111.70       82           636          99           142          234          28.71        3.32  Stream  TCP      500     3.32  15.826  99         
Trans/s    8837.65    113.34       82           581          99           144          254          32.67        5.72  Stream  TCP      500     5.72  26.141  99         
Trans/s    9251.59    108.29       83           397          103          133          206          21.72        5.45  Stream  TCP      500     5.45  23.824  99         
Trans/s    8735.66    117.42       82           528          101          158          295          37.22        5.76  Stream  TCP      500     5.76  28.827  99         
Trans/s    8967.28    113.51       80           366          102          138          293          33.32        7.59  Stream  TCP      500     7.59  36.474  99         
Trans/s    9137.41    110.69       83           614          98           146          252          31.51        4.62  Stream  TCP      500     4.62  22.397  99         
Trans/s    9229.91    109.86       82           476          98           138          292          32.84        4.16  Stream  TCP      500     4.16  19.456  99         
Trans/s    9421.55    106.50       80           406          98           129          194          20.99        4.08  Stream  TCP      500     4.08  17.972  99         
Trans/s    9654.79    103.46       84           541          98           119          180          18.04        3.00  Stream  TCP      500     3.00  12.492  99         
Trans/s    7861.40    129.16       83           554          124          167          300          38.90        7.56  Stream  TCP      500     7.56  40.501  99         
Trans/s    8260.54    121.94       84           564          109          153          295          37.93        6.59  Stream  TCP      500     6.59  34.078  99         
Trans/s    8241.23    123.88       83           658          108          178          293          39.68        6.30  Stream  TCP      500     6.30  33.022  99         
Trans/s    8728.35    115.44       82           572          103          144          246          31.52        5.54  Stream  TCP      500     5.54  26.290  99         
Trans/s    8522.59    119.68       88           569          105          156          304          39.26        8.72  Stream  TCP      500     8.72  42.344  99         
Trans/s    9229.81    108.37       83           1901         99           132          198          28.94        3.75  Stream  TCP      500     3.75  16.675  99         
Trans/s    9538.83    104.74       86           378          98           130          198          20.80        3.69  Stream  TCP      500     3.69  15.562  99         
Trans/s    8869.75    115.14       79           628          100          153          301          38.54        4.56  Stream  TCP      500     4.56  22.741  99         
Trans/s    9549.16    104.65       79           366          98           119          196          20.31        3.26  Stream  TCP      500     3.26  13.619  99         
Trans/s    8404.79    124.51       81           557          104          188          307          47.88        6.65  Stream  TCP      500     6.65  36.044  99         
Trans/s    8421.85    121.01       83           489          108          162          276          36.35        5.81  Stream  TCP      500     5.81  30.411  99         
Trans/s    8954.84    112.85       85           499          100          143          234          28.74        4.59  Stream  TCP      500     4.59  22.457  99         
Trans/s    9023.35    112.41       83           532          99           145          258          32.77        7.06  Stream  TCP      500     7.06  33.584  99         
Trans/s    8682.48    115.88       84           801          104          154          248          33.74        5.25  Stream  TCP      500     5.25  24.947  99         
Trans/s    8493.46    119.46       83           4013         103          157          297          54.90        7.31  Stream  TCP      500     7.31  36.189  99         
Trans/s    9754.14    102.33       82           394          97           111          186          18.30        3.29  Stream  TCP      500     3.29  13.546  99         
Trans/s    8289.29    121.92       82           626          117          151          293          36.70        7.52  Stream  TCP      500     7.52  37.695  99         
Trans/s    8999.79    111.47       81           6022         100          137          225          71.94        6.24  Stream  TCP      500     6.24  28.400  99         
Trans/s    8090.14    126.29       80           376          112          181          304          41.34        6.21  Stream  TCP      500     6.21  32.703  99         
Trans/s    8449.52    120.98       80           705          102          176          309          43.87        6.14  Stream  TCP      500     6.14  30.854  99         
Trans/s    8706.32    115.75       82           374          106          139          290          32.43        5.73  Stream  TCP      500     5.73  27.745  99         
Trans/s    8566.74    116.95       83           411          108          143          240          27.76        8.28  Stream  TCP      500     8.28  38.878  99         
Trans/s    8453.00    122.67       80           6018         102          177          307          80.99        5.97  Stream  TCP      500     5.97  32.747  99         
Trans/s    8736.33    115.05       83           456          104          145          232          28.46        5.22  Stream  TCP      500     5.22  24.974  99         
Trans/s    8215.06    122.73       83           573          114          156          276          37.34        6.59  Stream  TCP      500     6.59  33.488  99         
Trans/s    8488.26    119.29       81           632          108          155          254          33.53        5.93  Stream  TCP      500     5.93  30.200  99         
Trans/s    8242.80    121.79       83           492          109          156          245          31.91        6.73  Stream  TCP      500     6.73  33.007  99         
Trans/s    8167.98    123.44       82           551          119          154          258          34.18        6.65  Stream  TCP      500     6.65  34.310  99         
Trans/s    8544.20    118.20       82           532          106          148          262          32.97        5.98  Stream  TCP      500     5.98  30.384  99         
Trans/s    8474.72    118.46       80           564          112          146          236          29.81        11.31  Stream  TCP      500     11.31  51.964  99         
Trans/s    9259.09    108.60       81           567          99           136          190          22.37        12.06  Stream  TCP      500     12.06  51.468  99         
Trans/s    8178.37    123.80       81           465          114          166          281          36.93        6.42  Stream  TCP      500     6.42  33.136  99         
Trans/s    8431.39    118.91       85           463          109          149          241          30.07        6.33  Stream  TCP      500     6.33  30.971  99         
Trans/s    9368.79    106.59       80           420          101          122          204          20.72        4.59  Stream  TCP      500     4.59  19.819  99         
Trans/s    9448.89    105.79       85           366          99           120          207          21.09        3.81  Stream  TCP      500     3.81  16.414  99         
Trans/s    8659.49    116.64       82           508          105          147          242          30.48        5.80  Stream  TCP      500     5.80  28.420  99         
