MIGRATED TCP REQUEST/RESPONSE TEST from 0.0.0.0 (0.0.0.0) port 0 AF_INET to 10.69.0.3 (10.69.0) port 0 AF_INET : +/-2.500% @ 99% conf.  : nodelay : first burst 0
Throughput Throughput Mean         Minimum      Maximum      50th         90th         99th         Stddev       Local Socket  Protocol Request Local Local   Confidence 
Units                 Latency      Latency      Latency      Percentile   Percentile   Percentile   Latency      CPU   Type             Size    CPU   Service Level      
                      Microseconds Microseconds Microseconds Latency      Latency      Latency      Microseconds Util                   Bytes   Util  Demand  Percent    
                                                             Microseconds Microseconds Microseconds              %                              %                        
Trans/s    8936.65    113.12       83           557          99           140          243          30.04        5.76  Stream  TCP      500     5.76  27.470  99         
Trans/s    8666.61    115.92       81           424          104          146          248          31.13        5.88  Stream  TCP      500     5.88  27.938  99         
Trans/s    9300.94    107.90       81           522          99           132          237          28.44        3.59  Stream  TCP      500     3.59  15.902  99         
Trans/s    9253.51    108.18       82           598          100          128          209          24.86        4.71  Stream  TCP      500     4.71  20.688  99         
Trans/s    8887.49    113.66       80           3872         99           145          258          50.93        4.83  Stream  TCP      500     4.83  23.017  99         
Trans/s    9115.88    109.72       80           487          103          138          205          23.00        7.74  Stream  TCP      500     7.74  33.486  99         
Trans/s    7979.66    127.05       83           638          120          177          301          39.81        8.22  Stream  TCP      500     8.22  43.643  99         
Trans/s    9148.62    110.33       82           531          100          138          220          27.20        4.70  Stream  TCP      500     4.70  21.588  99         
Trans/s    8697.76    115.59       81           548          104          147          242          31.22        6.28  Stream  TCP      500     6.28  29.471  99         
Trans/s    9003.70    113.00       82           367          99           145          274          33.45        4.98  Stream  TCP      500     4.98  24.246  99         
Trans/s    8352.85    121.11       84           661          111          157          301          37.21        6.40  Stream  TCP      500     6.40  32.391  99         
Trans/s    8938.03    112.71       83           1330         102          136          249          32.81        4.49  Stream  TCP      500     4.49  21.863  99         
Trans/s    8014.85    129.29       83           628          115          193          308          48.88        8.40  Stream  TCP      500     8.40  45.953  99         
Trans/s    8871.59    113.89       85           583          99           148          282          35.65        7.10  Stream  TCP      500     7.10  33.613  99         
Trans/s    9659.03    103.38       82           360          98           116          188          19.44        3.86  Stream  TCP      500     3.86  16.164  99         
Trans/s    8848.30    113.62       78           488          100          142          234          28.31        5.52  Stream  TCP      500     5.52  25.657  99         
Trans/s    8128.15    124.97       80           568          115          169          302          40.63        6.06  Stream  TCP      500     6.06  31.636  99         
Trans/s    8194.81    124.03       85           499          106          174          305          42.47        5.72  Stream  TCP      500     5.72  29.483  99         
Trans/s    8324.66    120.94       86           557          113          147          241          29.58        6.22  Stream  TCP      500     6.22  30.971  99         
Trans/s    8334.90    120.90       85           677          108          162          237          33.11        6.18  Stream  TCP      500     6.18  30.867  99         
Trans/s    7935.92    128.20       82           534          120          191          306          45.51        8.10  Stream  TCP      500     8.10  43.262  99         
Trans/s    8738.56    115.30       83           6613         103          153          215          74.94        4.88  Stream  TCP      500     4.88  23.509  99         
Trans/s    8708.71    115.41       82           481          100          145          257          33.72        7.21  Stream  TCP      500     7.21  34.207  99         
Trans/s    8703.31    115.74       82           2422         104          146          247          42.30        4.68  Stream  TCP      500     4.68  23.051  99         
Trans/s    9028.55    112.63       90           410          98           146          256          31.63        5.10  Stream  TCP      500     5.10  23.707  99         
Trans/s    8635.04    117.68       84           518          107          149          240          30.42        7.17  Stream  TCP      500     7.17  35.597  99         
Trans/s    8350.57    120.66       81           527          108          165          232          32.27        5.51  Stream  TCP      500     5.51  27.501  99         
Trans/s    8230.54    124.01       84           544          108          175          302          41.94        6.08  Stream  TCP      500     6.08  31.786  99         
Trans/s    8551.90    118.43       81           524          106          151          237          30.67        5.82  Stream  TCP      500     5.82  28.917  99         
Trans/s    7871.01    130.94       83           574          121          194          307          48.66        6.92  Stream  TCP      500     6.92  37.561  99         
Trans/s    9669.87    103.24       80           525          98           120          179          18.21        8.07  Stream  TCP      500     8.07  32.887  99         
Trans/s    8320.73    120.28       80           597          107          164          238          33.43        6.27  Stream  TCP      500     6.27  30.236  99         
Trans/s    9430.88    107.34       78           361          98           129          273          30.94        4.50  Stream  TCP      500     4.50  20.355  99         
Trans/s    8424.56    120.53       82           3435         104          158          286          52.69        5.79  Stream  TCP      500     5.79  29.499  99         
Trans/s    7942.79    128.36       85           455          113          185          305          43.85        6.54  Stream  TCP      500     6.54  35.184  99         
Trans/s    8399.72    120.14       82           500          110          155          301          37.24        6.77  Stream  TCP      500     6.77  32.495  99         
Trans/s    8605.47    118.57       81           672          104          154          298          36.58        6.35  Stream  TCP      500     6.35  32.623  99         
Trans/s    8228.83    123.52       81           440          108          177          303          41.70        5.61  Stream  TCP      500     5.61  28.279  99         
Trans/s    7842.33    128.37       82           835          119          183          307          46.36        7.68  Stream  TCP      500     7.68  40.301  99         
Trans/s    9311.25    108.63       82           604          98           137          253          29.13        8.27  Stream  TCP      500     8.27  36.125  99         
Trans/s    8809.54    113.91       80           573          104          142          235          28.43        6.11  Stream  TCP      500     6.11  28.730  99         
Trans/s    8185.10    123.84       81           544          118          157          265          35.46        6.56  Stream  TCP      500     6.56  34.424  99         
Trans/s    8348.18    125.18       81           645          105          188          309          47.98        5.78  Stream  TCP      500     5.78  32.398  99         
Trans/s    8487.44    120.04       86           445          104          168          302          39.25        5.84  Stream  TCP      500     5.84  29.899  99         
Trans/s    7937.04    126.42       81           520          122          172          286          36.53        6.55  Stream  TCP      500     6.55  34.339  99         
Trans/s    8422.44    119.92       84           448          113          146          249          32.59        6.21  Stream  TCP      500     6.21  30.979  99         
Trans/s    8406.51    121.68       84           522          104          181          291          39.45        6.06  Stream  TCP      500     6.06  32.084  99         
Trans/s    9462.42    105.92       85           429          98           124          196          20.95        6.11  Stream  TCP      500     6.11  25.417  99         
Trans/s    9161.57    109.22       81           497          100          128          207          23.21        4.84  Stream  TCP      500     4.84  21.491  99         
Trans/s    8585.13    116.85       81           1157         107          147          233          32.91        5.82  Stream  TCP      500     5.82  28.529  99         
Trans/s    8447.03    120.15       79           512          105          156          300          37.47        6.07  Stream  TCP      500     6.07  30.675  99         
Trans/s    8100.30    124.42       83           539          120          163          252          35.63        7.35  Stream  TCP      500     7.35  37.192  99         
Trans/s    8325.84    120.50       80           494          109          152          249          33.48        7.05  Stream  TCP      500     7.05  35.118  99         
Trans/s    8488.38    119.10       82           526          108          147          256          32.92        6.39  Stream  TCP      500     6.39  32.087  99         
Trans/s    8238.72    123.93       85           9631         106          173          306          104.60       5.89  Stream  TCP      500     5.89  30.835  99         
Trans/s    8832.88    113.40       82           1024         100          139          241          30.25        5.32  Stream  TCP      500     5.32  24.988  99         
Trans/s    8873.77    113.16       82           527          104          137          227          24.69        7.84  Stream  TCP      500     7.84  35.202  99         
Trans/s    8580.19    117.10       85           459          105          144          234          27.26        5.96  Stream  TCP      500     5.96  28.862  99         
Trans/s    8785.35    115.08       81           566          103          144          247          31.22        5.86  Stream  TCP      500     5.86  28.009  99         
Trans/s    8064.57    125.47       81           519          117          172          302          41.13        6.13  Stream  TCP      500     6.13  32.367  99         
Trans/s    8583.23    118.33       82           538          104          157          304          38.57        6.74  Stream  TCP      500     6.74  33.919  99         
Trans/s    9087.17    110.72       82           507          99           136          223          26.81        4.02  Stream  TCP      500     4.02  18.983  99         
Trans/s    8147.76    124.96       80           626          110          181          300          40.69        6.50  Stream  TCP      500     6.50  34.069  99         
Trans/s    8461.56    119.28       81           539          107          149          246          31.78        4.81  Stream  TCP      500     4.81  24.143  99         
Trans/s    8263.94    121.95       83           1959         109          149          251          38.22        9.44  Stream  TCP      500     9.44  45.693  99         
Trans/s    8469.81    119.31       81           529          107          152          245          31.81        6.36  Stream  TCP      500     6.36  31.674  99         
Trans/s    9140.61    109.97       82           568          99           134          229          26.01        4.70  Stream  TCP      500     4.70  21.964  99         
Trans/s    8499.94    118.83       82           576          104          152          269          35.67        5.61  Stream  TCP      500     5.61  28.102  99         
Trans/s    8636.84    116.38       82           530          101          146          254          32.48        5.44  Stream  TCP      500     5.44  26.730  99         
Trans/s    8940.84    112.72       83           457          100          140          244          28.98        4.86  Stream  TCP      500     4.86  22.886  99         
Trans/s    8536.94    118.52       82           551          101          150          301          39.50        6.97  Stream  TCP      500     6.97  33.850  99         
Trans/s    8776.52    114.11       82           408          104          146          239          30.43        5.26  Stream  TCP      500     5.26  24.501  99         
Trans/s    9474.35    105.38       82           357          99           118          197          19.56        3.14  Stream  TCP      500     3.14  13.252  99         
Trans/s    9577.10    104.51       82           632          98           119          189          19.77        9.91  Stream  TCP      500     9.91  41.267  99         
Trans/s    9331.58    107.73       83           6947         99           129          212          72.75        3.98  Stream  TCP      500     3.98  17.727  99         
Trans/s    9474.35    106.06       81           406          98           131          202          21.64        5.25  Stream  TCP      500     5.25  23.366  99         
Trans/s    9544.43    105.23       79           479          98           130          186          21.18        2.94  Stream  TCP      500     2.94  12.684  99         
Trans/s    9263.86    108.00       80           480          98           138          197          23.53        4.28  Stream  TCP      500     4.28  18.636  99         
Trans/s    8412.87    121.33       85           543          108          153          300          37.33        7.03  Stream  TCP      500     7.03  36.319  99         
Trans/s    8612.62    116.73       82           2373         106          151          224          36.81        5.18  Stream  TCP      500     5.18  25.430  99         
Trans/s    8275.57    121.18       90           641          119          151          234          28.47        6.45  Stream  TCP      500     6.45  32.273  99         
Trans/s    8307.27    121.75       84           503          110          153          258          35.04        6.32  Stream  TCP      500     6.32  32.399  99         
Trans/s    8574.66    118.20       79           422          105          157          296          37.73        6.97  Stream  TCP      500     6.97  33.576  99         
Trans/s    8563.10    118.42       79           755          105          155          265          36.60        6.11  Stream  TCP      500     6.11  31.189  99         
Trans/s    8622.57    116.97       78           493          105          157          262          35.44        5.26  Stream  TCP      500     5.26  25.723  99         
Trans/s    9304.86    108.68       79           418          98           133          250          30.00        4.98  Stream  TCP      500     4.98  22.400  99         
Trans/s    9404.86    107.13       79           432          96           137          251          29.06        4.65  Stream  TCP      500     4.65  19.895  99         
Trans/s    8670.10    117.87       78           2207         103          155          300          45.87        5.55  Stream  TCP      500     5.55  28.164  99         
Trans/s    8080.59    125.90       79           469          112          182          304          45.48        6.43  Stream  TCP      500     6.43  33.449  99         
Trans/s    8592.71    119.15       79           491          105          159          299          39.08        5.93  Stream  TCP      500     5.93  29.159  99         
Trans/s    9335.06    108.53       79           538          99           137          258          30.08        8.33  Stream  TCP      500     8.33  36.989  99         
Trans/s    7976.98    126.98       80           1947         121          160          299          47.07        6.23  Stream  TCP      500     6.23  32.648  99         
Trans/s    9090.04    110.92       74           537          99           145          253          32.32        4.86  Stream  TCP      500     4.86  22.521  99         
Trans/s    8090.48    125.15       78           562          111          181          303          43.40        6.67  Stream  TCP      500     6.67  34.152  99         
Trans/s    9245.97    109.10       78           537          98           144          262          31.98        3.50  Stream  TCP      500     3.50  16.256  99         
Trans/s    7951.05    126.29       79           497          121          164          243          33.11        6.47  Stream  TCP      500     6.47  33.459  99         
Trans/s    8357.55    123.42       78           601          108          171          304          44.02        4.37  Stream  TCP      500     4.37  22.773  99         
Trans/s    7067.26    144.58       79           504          136          216          309          48.77        6.40  Stream  TCP      500     6.40  38.958  99         
Trans/s    7896.04    130.39       79           481          111          199          309          50.45        9.09  Stream  TCP      500     9.09  47.121  99         
Trans/s    8549.04    119.10       79           519          106          150          299          38.37        6.96  Stream  TCP      500     6.96  34.621  99         
