MIGRATED TCP REQUEST/RESPONSE TEST from 0.0.0.0 (0.0.0.0) port 0 AF_INET to 10.69.0.3 (10.69.0) port 0 AF_INET : +/-2.500% @ 99% conf.  : nodelay : first burst 0
Throughput Throughput Mean         Minimum      Maximum      50th         90th         99th         Stddev       Local Socket  Protocol Request Local Local   Confidence 
Units                 Latency      Latency      Latency      Percentile   Percentile   Percentile   Latency      CPU   Type             Size    CPU   Service Level      
                      Microseconds Microseconds Microseconds Latency      Latency      Latency      Microseconds Util                   Bytes   Util  Demand  Percent    
                                                             Microseconds Microseconds Microseconds              %                              %                        
Trans/s    8058.80    126.09       97           541          115          167          310          37.25        4.10  Stream  TCP      1000    4.10  21.628  99         
Trans/s    6623.87    154.90       102          567          143          229          317          48.81        6.91  Stream  TCP      1000    6.91  45.584  99         
Trans/s    7230.03    140.49       101          5122         126          187          298          64.89        8.01  Stream  TCP      1000    8.01  44.980  99         
Trans/s    7730.51    130.50       94           514          118          169          259          33.04        4.52  Stream  TCP      1000    4.52  24.596  99         
Trans/s    7251.91    141.27       94           1018         121          196          307          45.96        6.03  Stream  TCP      1000    6.03  36.114  99         
Trans/s    7394.55    137.50       93           654          130          188          273          37.50        6.35  Stream  TCP      1000    6.35  36.513  99         
Trans/s    7217.11    141.71       93           596          124          197          309          44.25        5.75  Stream  TCP      1000    5.75  34.862  99         
Trans/s    7141.12    142.39       98           3859         135          187          307          54.26        6.63  Stream  TCP      1000    6.63  40.748  99         
Trans/s    6940.37    146.46       94           572          140          216          310          47.16        7.76  Stream  TCP      1000    7.76  47.728  99         
Trans/s    8311.18    120.48       96           488          114          154          212          22.77        4.07  Stream  TCP      1000    4.07  19.571  99         
Trans/s    8385.58    119.53       99           632          114          143          212          22.08        3.50  Stream  TCP      1000    3.50  17.437  99         
Trans/s    7711.73    130.33       100          549          118          163          253          29.45        6.03  Stream  TCP      1000    6.03  33.016  99         
Trans/s    7440.92    137.04       99           595          119          186          300          41.93        5.25  Stream  TCP      1000    5.25  31.002  99         
Trans/s    7484.49    137.76       96           499          117          194          310          45.78        5.78  Stream  TCP      1000    5.78  34.862  99         
Trans/s    8040.25    124.66       94           512          116          165          218          27.61        3.24  Stream  TCP      1000    3.24  16.554  99         
Trans/s    7065.89    143.00       97           524          140          189          310          42.03        6.52  Stream  TCP      1000    6.52  38.534  99         
Trans/s    7877.52    127.30       98           9018         114          159          250          93.88        5.40  Stream  TCP      1000    5.40  27.956  99         
Trans/s    8216.19    122.71       94           2889         111          158          260          47.02        5.86  Stream  TCP      1000    5.86  28.706  99         
Trans/s    7173.52    141.99       96           537          129          195          313          44.49        6.28  Stream  TCP      1000    6.28  37.179  99         
Trans/s    7916.30    127.71       93           523          114          169          295          36.45        4.26  Stream  TCP      1000    4.26  22.128  99         
Trans/s    7573.19    135.61       92           541          116          191          314          44.50        4.63  Stream  TCP      1000    4.63  27.164  99         
Trans/s    7986.94    127.53       92           549          114          167          298          38.35        4.53  Stream  TCP      1000    4.53  24.795  99         
Trans/s    7190.92    143.90       92           1286         124          213          317          49.32        6.55  Stream  TCP      1000    6.55  41.221  99         
Trans/s    7856.89    129.27       96           4504         114          168          272          56.13        4.92  Stream  TCP      1000    4.92  28.224  99         
Trans/s    8045.95    124.61       97           612          116          160          218          26.53        5.75  Stream  TCP      1000    5.75  28.575  99         
Trans/s    7982.47    125.78       95           449          114          167          258          31.73        4.18  Stream  TCP      1000    4.18  21.781  99         
Trans/s    7307.17    140.15       98           536          119          201          311          48.02        5.57  Stream  TCP      1000    5.57  32.822  99         
Trans/s    7559.52    134.76       94           671          117          181          302          41.48        5.92  Stream  TCP      1000    5.92  32.055  99         
Trans/s    8303.75    120.58       94           819          111          156          215          25.09        3.41  Stream  TCP      1000    3.41  16.734  99         
Trans/s    6200.61    162.45       97           583          147          242          310          50.09        8.20  Stream  TCP      1000    8.20  54.645  99         
Trans/s    7754.87    129.64       94           469          117          174          245          31.11        4.59  Stream  TCP      1000    4.59  23.944  99         
Trans/s    7282.36    138.34       99           1820         124          184          307          43.92        6.11  Stream  TCP      1000    6.11  34.483  99         
Trans/s    7377.35    139.31       97           5244         118          195          335          71.11        7.33  Stream  TCP      1000    7.33  41.746  99         
Trans/s    7454.10    135.34       95           514          121          183          310          39.29        5.64  Stream  TCP      1000    5.64  31.650  99         
Trans/s    8209.42    121.91       95           586          114          154          253          29.03        4.15  Stream  TCP      1000    4.15  20.311  99         
Trans/s    8388.62    119.24       99           387          114          136          239          24.58        3.50  Stream  TCP      1000    3.50  16.936  99         
Trans/s    7520.00    137.61       94           572          117          202          317          47.54        5.41  Stream  TCP      1000    5.41  34.107  99         
Trans/s    7116.50    145.46       99           640          123          211          316          48.56        6.63  Stream  TCP      1000    6.63  42.358  99         
Trans/s    6720.44    150.89       96           596          143          213          318          47.11        6.97  Stream  TCP      1000    6.97  42.898  99         
Trans/s    7962.73    126.90       96           517          116          166          251          31.46        7.11  Stream  TCP      1000    7.11  36.496  99         
Trans/s    8593.42    116.22       96           513          112          137          199          19.92        3.50  Stream  TCP      1000    3.50  16.377  99         
Trans/s    7927.53    128.08       94           537          116          170          285          35.90        4.69  Stream  TCP      1000    4.69  25.609  99         
Trans/s    7040.01    144.88       96           555          131          207          313          45.90        6.49  Stream  TCP      1000    6.49  40.653  99         
Trans/s    6656.83    156.19       99           653          136          237          320          55.56        7.03  Stream  TCP      1000    7.03  47.457  99         
Trans/s    7380.81    137.01       95           771          130          178          288          36.35        5.47  Stream  TCP      1000    5.47  31.684  99         
Trans/s    7535.48    137.57       98           638          117          197          319          47.74        5.79  Stream  TCP      1000    5.79  35.494  99         
Trans/s    7707.20    131.57       94           6782         116          171          274          75.95        4.48  Stream  TCP      1000    4.48  26.115  99         
Trans/s    7586.84    134.00       98           625          118          179          311          40.25        7.08  Stream  TCP      1000    7.08  38.628  99         
Trans/s    7737.55    130.85       94           3458         115          168          287          61.94        5.05  Stream  TCP      1000    5.05  27.667  99         
Trans/s    7518.54    133.82       100          809          122          174          222          29.71        3.36  Stream  TCP      1000    3.36  18.252  99         
Trans/s    6881.48    147.97       99           664          132          214          316          48.53        6.07  Stream  TCP      1000    6.07  37.490  99         
Trans/s    7612.49    133.11       99           542          119          170          253          32.28        5.40  Stream  TCP      1000    5.40  30.768  99         
Trans/s    6657.69    151.70       96           577          144          209          309          43.92        7.71  Stream  TCP      1000    7.71  47.158  99         
Trans/s    7271.68    144.02       98           556          119          231          318          52.20        6.04  Stream  TCP      1000    6.04  38.497  99         
Trans/s    7082.90    146.52       100          605          122          231          315          51.97        7.33  Stream  TCP      1000    7.33  44.210  99         
Trans/s    6946.42    145.37       97           685          141          199          312          44.93        7.43  Stream  TCP      1000    7.43  44.336  99         
Trans/s    8364.00    119.51       94           674          115          145          210          22.54        2.67  Stream  TCP      1000    2.67  13.023  99         
Trans/s    7347.23    138.41       95           495          120          189          308          43.21        5.79  Stream  TCP      1000    5.79  33.668  99         
Trans/s    7714.36    133.38       96           808          117          182          295          40.96        5.31  Stream  TCP      1000    5.31  30.712  99         
Trans/s    6673.61    150.88       102          508          143          210          309          44.01        7.44  Stream  TCP      1000    7.44  46.414  99         
Trans/s    7473.99    135.34       100          576          122          176          277          35.02        6.06  Stream  TCP      1000    6.06  34.248  99         
Trans/s    7317.49    137.74       94           466          131          179          266          35.16        7.03  Stream  TCP      1000    7.03  39.231  99         
Trans/s    8103.79    123.66       93           515          115          153          249          26.84        4.87  Stream  TCP      1000    4.87  25.101  99         
Trans/s    7702.93    132.48       94           432          117          184          305          41.18        5.41  Stream  TCP      1000    5.41  30.554  99         
Trans/s    7926.72    127.12       95           1319         116          166          252          31.80        5.07  Stream  TCP      1000    5.07  26.511  99         
Trans/s    7258.15    140.37       94           560          119          197          308          43.99        6.07  Stream  TCP      1000    6.07  36.336  99         
Trans/s    7056.83    142.72       95           646          139          192          270          37.86        5.91  Stream  TCP      1000    5.91  34.854  99         
Trans/s    7448.56    135.19       96           551          127          173          254          32.01        5.24  Stream  TCP      1000    5.24  29.726  99         
Trans/s    8101.94    124.70       99           513          116          161          229          27.14        6.10  Stream  TCP      1000    6.10  30.600  99         
Trans/s    8090.40    124.52       93           510          114          160          267          32.68        4.19  Stream  TCP      1000    4.19  21.883  99         
Trans/s    7327.06    141.11       99           558          119          200          305          46.10        5.70  Stream  TCP      1000    5.70  35.979  99         
Trans/s    7649.66    131.93       95           673          121          172          283          34.02        5.33  Stream  TCP      1000    5.33  28.865  99         
Trans/s    7293.34    138.07       100          6630         126          175          259          96.07        6.62  Stream  TCP      1000    6.62  38.008  99         
Trans/s    7784.62    130.58       99           565          117          170          293          37.25        4.80  Stream  TCP      1000    4.80  26.697  99         
Trans/s    7645.76    131.75       97           457          119          172          249          31.98        5.04  Stream  TCP      1000    5.04  28.162  99         
Trans/s    6692.79    150.72       97           1811         140          219          319          50.79        6.98  Stream  TCP      1000    6.98  42.843  99         
Trans/s    7652.74    131.62       99           452          121          165          251          30.33        9.79  Stream  TCP      1000    9.79  51.305  99         
Trans/s    7445.41    136.07       93           562          126          172          286          37.22        6.65  Stream  TCP      1000    6.65  38.055  99         
Trans/s    7082.76    147.53       94           611          120          235          319          55.09        6.73  Stream  TCP      1000    6.73  44.226  99         
Trans/s    7558.53    133.39       95           577          119          172          275          34.61        5.48  Stream  TCP      1000    5.48  30.117  99         
Trans/s    7262.84    143.10       100          667          119          219          320          51.10        5.61  Stream  TCP      1000    5.61  35.899  99         
Trans/s    6696.47    150.17       97           483          145          199          301          39.99        7.28  Stream  TCP      1000    7.28  44.687  99         
Trans/s    8076.65    124.23       94           2148         116          159          214          32.25        4.49  Stream  TCP      1000    4.49  22.369  99         
Trans/s    7774.26    129.55       96           4548         116          167          287          59.50        8.59  Stream  TCP      1000    8.59  44.124  99         
Trans/s    7466.22    138.02       95           638          118          199          317          47.59        5.30  Stream  TCP      1000    5.30  32.281  99         
Trans/s    7780.75    130.75       94           479          117          175          291          35.62        4.73  Stream  TCP      1000    4.73  26.527  99         
Trans/s    7894.63    129.49       94           527          116          171          302          38.14        4.19  Stream  TCP      1000    4.19  24.221  99         
Trans/s    7234.17    140.45       96           909          124          196          313          44.81        6.12  Stream  TCP      1000    6.12  36.293  99         
Trans/s    6549.50    155.73       94           664          143          230          320          50.94        7.59  Stream  TCP      1000    7.59  49.033  99         
Trans/s    6869.89    149.06       96           569          140          222          314          48.75        6.68  Stream  TCP      1000    6.68  41.414  99         
Trans/s    7758.01    129.78       94           541          117          170          262          33.71        5.66  Stream  TCP      1000    5.66  30.588  99         
Trans/s    8243.12    121.85       99           458          114          152          241          25.08        4.27  Stream  TCP      1000    4.27  21.517  99         
Trans/s    7292.36    138.35       98           507          130          188          257          35.76        6.34  Stream  TCP      1000    6.34  36.336  99         
Trans/s    6945.83    147.22       95           633          140          200          296          43.54        6.35  Stream  TCP      1000    6.35  39.259  99         
Trans/s    8180.48    122.86       95           3856         114          152          247          46.33        4.26  Stream  TCP      1000    4.26  21.805  99         
Trans/s    7700.42    130.32       94           523          118          168          252          29.78        4.33  Stream  TCP      1000    4.33  23.778  99         
Trans/s    8159.03    123.83       98           386          115          161          266          31.16        3.39  Stream  TCP      1000    3.39  17.592  99         
Trans/s    7338.62    139.52       98           526          119          196          335          46.40        6.17  Stream  TCP      1000    6.17  37.093  99         
Trans/s    7809.06    129.24       94           650          117          167          254          31.34        7.22  Stream  TCP      1000    7.22  37.408  99         
Trans/s    7657.11    131.65       95           5336         114          183          315          66.96        4.72  Stream  TCP      1000    4.72  25.507  99         
