MIGRATED TCP REQUEST/RESPONSE TEST from 0.0.0.0 (0.0.0.0) port 0 AF_INET to 10.69.0.3 (10.69.0) port 0 AF_INET : +/-2.500% @ 99% conf.  : nodelay : first burst 0
Throughput Throughput Mean         Minimum      Maximum      50th         90th         99th         Stddev       Local Socket  Protocol Request Local Local   Confidence 
Units                 Latency      Latency      Latency      Percentile   Percentile   Percentile   Latency      CPU   Type             Size    CPU   Service Level      
                      Microseconds Microseconds Microseconds Latency      Latency      Latency      Microseconds Util                   Bytes   Util  Demand  Percent    
                                                             Microseconds Microseconds Microseconds              %                              %                        
Trans/s    11999.32   83.11        64           284          80           94           125          11.24        5.44  Stream  TCP      1       5.44  18.542  99         
Trans/s    11654.38   85.81        64           480          80           101          145          15.96        4.07  Stream  TCP      1       4.07  13.977  99         
Trans/s    11219.25   90.15        64           351          81           115          162          19.74        9.33  Stream  TCP      1       9.33  35.200  99         
Trans/s    11908.62   83.88        64           403          79           96           155          18.10        4.78  Stream  TCP      1       4.78  16.024  99         
Trans/s    11726.87   85.65        64           483          80           104          145          15.44        3.48  Stream  TCP      1       3.48  12.689  99         
Trans/s    11316.32   88.38        65           454          81           114          176          22.27        5.17  Stream  TCP      1       5.17  18.650  99         
Trans/s    10577.82   96.26        69           550          84           128          290          33.18        5.46  Stream  TCP      1       5.46  22.137  99         
Trans/s    9558.50    105.11       74           625          101          133          232          30.99        7.42  Stream  TCP      1       7.42  32.077  99         
Trans/s    10566.95   94.88        66           554          89           117          184          21.28        5.83  Stream  TCP      1       5.83  22.571  99         
Trans/s    10851.46   92.92        74           385          85           115          179          21.25        4.62  Stream  TCP      1       4.62  17.667  99         
Trans/s    10115.88   99.86        67           559          86           133          236          33.59        5.37  Stream  TCP      1       5.37  23.060  99         
Trans/s    10081.54   101.79       72           426          87           130          292          36.61        6.50  Stream  TCP      1       6.50  27.987  99         
Trans/s    10478.88   95.98        77           611          82           122          226          29.78        5.52  Stream  TCP      1       5.52  21.753  99         
Trans/s    11086.14   90.50        66           569          82           114          195          23.54        8.12  Stream  TCP      1       8.12  29.120  99         
Trans/s    9412.09    107.13       73           3208         101          134          290          56.43        8.67  Stream  TCP      1       8.67  37.608  99         
Trans/s    10284.68   97.93        68           504          86           124          228          28.33        6.87  Stream  TCP      1       6.87  28.058  99         
Trans/s    9886.60    101.54       66           512          91           128          178          25.97        6.11  Stream  TCP      1       6.11  26.141  99         
Trans/s    11202.95   89.40        65           874          83           108          167          21.19        6.74  Stream  TCP      1       6.74  24.140  99         
Trans/s    11472.27   87.63        66           455          80           111          160          18.22        4.39  Stream  TCP      1       4.39  15.863  99         
Trans/s    10384.70   97.14        65           395          88           121          186          23.22        5.10  Stream  TCP      1       5.10  20.548  99         
Trans/s    11079.13   90.10        69           500          86           105          163          17.39        4.73  Stream  TCP      1       4.73  17.331  99         
Trans/s    11296.29   88.25        77           297          85           101          157          14.71        5.18  Stream  TCP      1       5.18  18.231  99         
Trans/s    10574.21   95.21        67           446          85           120          213          26.80        5.66  Stream  TCP      1       5.66  22.368  99         
Trans/s    10435.58   96.34        69           8700         85           122          229          99.25        8.95  Stream  TCP      1       8.95  34.847  99         
Trans/s    11118.48   90.17        73           493          85           106          196          21.65        6.03  Stream  TCP      1       6.03  21.959  99         
Trans/s    10806.52   93.58        65           1728         85           118          181          28.51        4.41  Stream  TCP      1       4.41  16.914  99         
Trans/s    11002.20   91.49        65           526          84           109          199          21.91        5.04  Stream  TCP      1       5.04  19.337  99         
Trans/s    11685.84   85.35        66           310          81           97           154          13.74        4.67  Stream  TCP      1       4.67  16.011  99         
Trans/s    11659.30   85.78        64           468          81           100          145          14.00        4.34  Stream  TCP      1       4.34  14.960  99         
Trans/s    11105.65   90.10        72           6716         83           105          158          80.43        12.46  Stream  TCP      1       12.46  46.307  99         
Trans/s    11243.47   88.66        72           1897         86           98           119          20.70        25.22  Stream  TCP      1       25.22  90.474  99         
Trans/s    11757.05   84.83        66           310          81           95           150          13.10        4.18  Stream  TCP      1       4.18  14.292  99         
Trans/s    9507.01    106.25       71           420          105          131          222          28.46        6.56  Stream  TCP      1       6.56  29.924  99         
Trans/s    10295.86   97.68        67           570          85           127          210          27.35        5.80  Stream  TCP      1       5.80  23.409  99         
Trans/s    11294.56   88.27        77           312          85           103          150          14.54        8.52  Stream  TCP      1       8.52  30.301  99         
Trans/s    11045.42   93.44        77           319          81           112          291          33.81        3.59  Stream  TCP      1       3.59  16.364  99         
Trans/s    10603.40   95.22        67           429          86           119          183          22.91        5.13  Stream  TCP      1       5.13  20.060  99         
Trans/s    10205.13   99.21        67           557          87           125          201          26.50        8.35  Stream  TCP      1       8.35  34.612  99         
Trans/s    11420.99   87.25        64           1923         85           100          145          22.51        4.04  Stream  TCP      1       4.04  14.253  99         
Trans/s    10653.96   95.98        65           553          81           124          231          30.86        5.42  Stream  TCP      1       5.42  22.260  99         
Trans/s    10580.83   95.52        66           581          83           124          217          28.45        6.95  Stream  TCP      1       6.95  27.766  99         
Trans/s    11219.52   89.14        68           322          84           106          158          16.54        4.00  Stream  TCP      1       4.00  14.694  99         
Trans/s    11530.29   86.51        66           503          81           98           162          16.35        4.12  Stream  TCP      1       4.12  14.368  99         
Trans/s    10594.52   95.33        71           6866         86           117          207          72.22        6.84  Stream  TCP      1       6.84  27.539  99         
Trans/s    10247.63   98.08        77           514          85           126          208          26.80        5.89  Stream  TCP      1       5.89  24.033  99         
Trans/s    10834.90   92.79        68           485          84           116          202          24.93        10.20  Stream  TCP      1       10.20  37.875  99         
Trans/s    11148.18   89.89        77           1382         85           107          174          22.52        3.58  Stream  TCP      1       3.58  12.842  99         
Trans/s    10489.80   95.66        67           442          85           120          221          26.42        5.64  Stream  TCP      1       5.64  21.940  99         
Trans/s    10594.63   94.60        73           3074         85           122          196          38.81        6.65  Stream  TCP      1       6.65  25.932  99         
Trans/s    11477.28   87.14        68           485          82           99           145          15.64        4.82  Stream  TCP      1       4.82  17.229  99         
Trans/s    10382.93   97.85        66           462          84           131          261          32.19        4.69  Stream  TCP      1       4.69  18.622  99         
Trans/s    10586.74   98.05        73           528          82           127          294          37.95        4.85  Stream  TCP      1       4.85  21.976  99         
Trans/s    10318.20   97.92        73           589          86           126          184          24.98        5.99  Stream  TCP      1       5.99  24.414  99         
Trans/s    11709.79   85.22        76           336          81           95           150          13.67        4.07  Stream  TCP      1       4.07  13.971  99         
Trans/s    11275.91   88.57        65           340          85           102          165          15.57        4.85  Stream  TCP      1       4.85  17.474  99         
Trans/s    11281.67   88.54        77           490          83           105          160          17.73        5.49  Stream  TCP      1       5.49  19.617  99         
Trans/s    10861.98   93.13        67           442          82           119          217          26.48        7.99  Stream  TCP      1       7.99  30.312  99         
Trans/s    11099.33   90.05        66           370          86           106          180          17.17        5.32  Stream  TCP      1       5.32  19.414  99         
Trans/s    11147.17   89.48        70           446          85           106          178          18.12        4.74  Stream  TCP      1       4.74  16.996  99         
Trans/s    10687.95   94.79        64           813          83           123          232          29.84        5.32  Stream  TCP      1       5.32  21.773  99         
Trans/s    11558.71   87.21        68           500          81           101          206          22.67        3.70  Stream  TCP      1       3.70  13.882  99         
Trans/s    11341.74   87.99        69           344          82           105          156          16.01        3.85  Stream  TCP      1       3.85  13.521  99         
Trans/s    11712.61   85.19        67           522          81           96           151          13.85        4.18  Stream  TCP      1       4.18  14.405  99         
Trans/s    10745.99   95.53        66           535          82           121          240          32.01        6.02  Stream  TCP      1       6.02  25.651  99         
Trans/s    11080.01   91.70        77           557          81           111          260          28.46        5.07  Stream  TCP      1       5.07  20.107  99         
Trans/s    10255.30   99.84        66           470          86           132          245          33.16        5.68  Stream  TCP      1       5.68  25.186  99         
Trans/s    11429.59   87.28        72           6101         82           100          148          61.57        3.69  Stream  TCP      1       3.69  12.862  99         
Trans/s    11003.47   91.15        77           376          85           109          182          19.79        9.27  Stream  TCP      1       9.27  34.122  99         
Trans/s    11353.88   88.03        73           433          81           104          180          17.89        4.73  Stream  TCP      1       4.73  16.995  99         
Trans/s    10811.29   93.75        66           351          81           119          214          26.22        6.94  Stream  TCP      1       6.94  27.460  99         
Trans/s    10822.73   92.99        64           700          86           115          187          22.85        5.52  Stream  TCP      1       5.52  21.032  99         
Trans/s    10409.39   96.67        66           533          85           128          202          26.75        4.56  Stream  TCP      1       4.56  18.981  99         
Trans/s    10749.76   93.36        77           487          84           118          206          25.38        5.92  Stream  TCP      1       5.92  22.585  99         
Trans/s    11620.61   85.95        76           294          81           98           149          13.29        3.51  Stream  TCP      1       3.51  12.151  99         
Trans/s    11156.63   89.75        71           341          85           110          169          17.83        4.66  Stream  TCP      1       4.66  16.902  99         
Trans/s    11036.51   91.91        76           525          81           116          232          28.04        3.83  Stream  TCP      1       3.83  16.251  99         
Trans/s    10975.03   91.83        76           418          82           115          241          28.56        6.08  Stream  TCP      1       6.08  23.276  99         
Trans/s    10376.37   96.68        68           441          87           123          207          24.62        6.03  Stream  TCP      1       6.03  23.995  99         
Trans/s    9730.00    105.35       66           536          88           154          233          35.77        8.61  Stream  TCP      1       8.61  36.664  99         
Trans/s    11024.48   90.83        67           490          81           117          166          21.36        4.53  Stream  TCP      1       4.53  16.672  99         
Trans/s    11134.14   89.85        67           456          81           114          176          21.42        5.42  Stream  TCP      1       5.42  19.736  99         
Trans/s    11467.25   87.17        69           621          81           103          173          19.54        3.81  Stream  TCP      1       3.81  13.471  99         
Trans/s    11666.32   85.75        64           536          81           98           171          16.99        3.50  Stream  TCP      1       3.50  12.316  99         
Trans/s    10654.12   93.95        68           364          85           120          166          21.14        4.79  Stream  TCP      1       4.79  18.223  99         
Trans/s    11051.43   90.72        73           494          82           114          181          22.00        4.81  Stream  TCP      1       4.81  17.954  99         
Trans/s    9528.23    106.83       77           457          104          137          214          30.71        6.77  Stream  TCP      1       6.77  30.851  99         
Trans/s    10105.82   99.64        73           460          88           128          190          25.95        5.92  Stream  TCP      1       5.92  24.284  99         
Trans/s    9495.40    107.56       74           448          98           140          296          38.29        7.27  Stream  TCP      1       7.27  32.160  99         
Trans/s    10972.85   91.48        70           338          85           115          168          18.27        6.99  Stream  TCP      1       6.99  25.818  99         
Trans/s    11577.89   86.33        65           389          81           98           166          15.65        4.09  Stream  TCP      1       4.09  14.262  99         
Trans/s    10888.11   92.41        66           430          82           113          185          21.58        5.20  Stream  TCP      1       5.20  19.941  99         
Trans/s    10356.08   96.41        67           469          86           127          188          24.24        4.92  Stream  TCP      1       4.92  19.334  99         
Trans/s    10336.88   97.05        66           445          85           127          239          31.57        7.42  Stream  TCP      1       7.42  29.751  99         
Trans/s    10026.15   100.32       68           489          92           127          207          26.47        6.38  Stream  TCP      1       6.38  26.516  99         
Trans/s    11677.50   85.58        73           360          81           97           156          14.56        4.73  Stream  TCP      1       4.73  16.063  99         
Trans/s    10967.11   92.14        77           381          82           113          215          25.57        6.03  Stream  TCP      1       6.03  22.618  99         
Trans/s    11148.10   91.68        65           461          81           117          188          24.92        4.36  Stream  TCP      1       4.36  18.016  99         
Trans/s    11581.87   86.29        66           484          82           97           154          15.00        4.74  Stream  TCP      1       4.74  16.565  99         
Trans/s    9917.18    103.80       65           474          89           140          295          40.25        5.62  Stream  TCP      1       5.62  25.556  99         
Trans/s    10559.49   95.53        68           454          85           124          186          23.92        7.68  Stream  TCP      1       7.68  31.044  99         
