MIGRATED TCP REQUEST/RESPONSE TEST from 0.0.0.0 (0.0.0.0) port 0 AF_INET to 10.69.0.3 (10.69.0) port 0 AF_INET : +/-2.500% @ 99% conf.  : nodelay : first burst 0
Throughput Throughput Mean         Minimum      Maximum      50th         90th         99th         Stddev       Local Socket  Protocol Request Local Local   Confidence 
Units                 Latency      Latency      Latency      Percentile   Percentile   Percentile   Latency      CPU   Type             Size    CPU   Service Level      
                      Microseconds Microseconds Microseconds Latency      Latency      Latency      Microseconds Util                   Bytes   Util  Demand  Percent    
                                                             Microseconds Microseconds Microseconds              %                              %                        
Trans/s    3663.22    272.69       128          1431         280          321          390          50.68        5.37  Stream  TCP      1500    5.37  58.817  99         
Trans/s    4802.67    215.85       120          544          197          298          400          62.14        9.51  Stream  TCP      1500    9.51  82.863  99         
Trans/s    5962.03    167.76       123          537          161          203          249          27.18        6.48  Stream  TCP      1500    6.48  43.843  99         
Trans/s    5826.94    172.28       127          589          167          213          284          31.37        6.52  Stream  TCP      1500    6.52  45.511  99         
Trans/s    5645.86    177.57       122          452          173          217          303          35.89        6.61  Stream  TCP      1500    6.61  47.628  99         
Trans/s    6178.93    161.87       115          584          155          195          257          28.24        5.63  Stream  TCP      1500    5.63  36.403  99         
Trans/s    6102.17    164.25       124          5887         154          203          257          64.12        9.89  Stream  TCP      1500    9.89  64.966  99         
Trans/s    5672.53    177.61       121          619          173          222          330          39.01        7.04  Stream  TCP      1500    7.04  51.155  99         
Trans/s    5824.31    172.43       124          682          165          213          290          32.82        6.54  Stream  TCP      1500    6.54  46.536  99         
Trans/s    5764.50    173.99       122          641          167          223          296          36.64        7.70  Stream  TCP      1500    7.70  54.644  99         
Trans/s    5688.21    179.84       115          546          168          258          354          49.76        8.04  Stream  TCP      1500    8.04  60.723  99         
Trans/s    5779.25    174.25       115          652          167          219          288          37.39        7.35  Stream  TCP      1500    7.35  53.267  99         
Trans/s    5818.19    173.87       120          627          165          217          331          39.70        9.12  Stream  TCP      1500    9.12  63.040  99         
Trans/s    5557.31    180.86       114          497          175          226          329          40.10        8.63  Stream  TCP      1500    8.63  64.093  99         
Trans/s    5530.94    182.67       119          739          175          244          329          43.55        8.58  Stream  TCP      1500    8.58  63.079  99         
Trans/s    5799.79    173.72       123          619          167          217          325          38.95        7.47  Stream  TCP      1500    7.47  53.194  99         
Trans/s    5861.52    171.07       119          582          167          207          269          30.04        7.64  Stream  TCP      1500    7.64  53.509  99         
Trans/s    5943.56    168.36       122          5911         165          203          242          63.57        6.64  Stream  TCP      1500    6.64  45.065  99         
Trans/s    5530.70    188.86       121          547          174          267          356          57.31        11.05  Stream  TCP      1500    11.05  83.120  99         
Trans/s    5986.95    168.23       119          574          159          214          300          35.38        6.14  Stream  TCP      1500    6.14  42.498  99         
Trans/s    5203.79    194.28       116          594          185          265          347          49.01        10.39  Stream  TCP      1500    10.39  82.636  99         
Trans/s    5722.55    176.65       117          592          171          227          318          40.27        7.10  Stream  TCP      1500    7.10  51.589  99         
Trans/s    5772.77    175.47       123          4730         168          223          315          62.37        7.70  Stream  TCP      1500    7.70  57.266  99         
Trans/s    5906.97    170.56       117          470          164          212          296          34.99        8.31  Stream  TCP      1500    8.31  57.282  99         
Trans/s    5915.86    169.50       120          557          166          209          266          30.96        6.67  Stream  TCP      1500    6.67  46.211  99         
Trans/s    6079.51    164.68       126          400          159          196          261          27.68        5.87  Stream  TCP      1500    5.87  38.837  99         
Trans/s    6003.18    166.54       119          7849         157          199          270          97.02        8.25  Stream  TCP      1500    8.25  56.053  99         
Trans/s    5196.65    194.85       122          580          186          263          355          47.36        9.79  Stream  TCP      1500    9.79  79.116  99         
Trans/s    5820.84    172.57       117          579          165          217          314          37.95        6.89  Stream  TCP      1500    6.89  48.997  99         
Trans/s    5953.30    168.59       123          553          161          213          285          33.50        7.81  Stream  TCP      1500    7.81  53.404  99         
Trans/s    5904.51    169.91       118          569          162          208          307          36.08        6.86  Stream  TCP      1500    6.86  47.105  99         
Trans/s    5778.03    173.19       119          591          170          211          272          31.00        7.26  Stream  TCP      1500    7.26  51.360  99         
Trans/s    5819.03    172.42       126          589          164          216          317          38.65        7.11  Stream  TCP      1500    7.11  49.901  99         
Trans/s    5859.93    171.24       125          548          165          215          290          35.94        7.19  Stream  TCP      1500    7.19  50.341  99         
Trans/s    5689.82    177.91       117          546          172          230          334          41.14        7.44  Stream  TCP      1500    7.44  54.371  99         
Trans/s    6133.64    163.09       124          856          158          197          233          27.14        6.74  Stream  TCP      1500    6.74  44.164  99         
Trans/s    5818.46    172.94       118          552          167          219          295          38.32        6.97  Stream  TCP      1500    6.97  50.174  99         
Trans/s    5419.79    185.24       116          542          178          247          337          44.27        8.94  Stream  TCP      1500    8.94  67.443  99         
Trans/s    5114.00    196.83       118          663          186          270          358          51.70        8.98  Stream  TCP      1500    8.98  72.676  99         
Trans/s    5995.64    167.85       120          2031         162          206          272          36.67        6.35  Stream  TCP      1500    6.35  43.609  99         
Trans/s    5987.59    168.71       117          523          160          221          287          37.47        6.88  Stream  TCP      1500    6.88  49.371  99         
Trans/s    6142.57    162.72       121          570          155          197          224          24.60        7.28  Stream  TCP      1500    7.28  46.573  99         
Trans/s    5500.70    182.94       119          579          175          246          335          44.54        8.06  Stream  TCP      1500    8.06  60.161  99         
Trans/s    5234.07    192.84       119          568          182          268          346          48.20        8.50  Stream  TCP      1500    8.50  67.698  99         
Trans/s    5332.59    187.88       126          539          180          250          329          43.80        9.61  Stream  TCP      1500    9.61  72.967  99         
Trans/s    5345.53    189.40       116          1565         180          258          348          50.17        8.55  Stream  TCP      1500    8.55  66.376  99         
Trans/s    5712.33    176.61       117          592          172          223          294          38.70        9.94  Stream  TCP      1500    9.94  71.511  99         
Trans/s    5674.44    176.12       115          526          172          215          291          34.09        7.13  Stream  TCP      1500    7.13  50.955  99         
Trans/s    5459.90    183.85       128          558          178          231          327          39.96        8.32  Stream  TCP      1500    8.32  62.886  99         
Trans/s    5789.52    172.98       119          815          169          213          267          31.27        7.22  Stream  TCP      1500    7.22  50.545  99         
Trans/s    5541.71    182.48       118          592          175          238          342          44.11        8.25  Stream  TCP      1500    8.25  61.349  99         
Trans/s    5703.38    176.56       118          640          172          221          308          37.22        8.34  Stream  TCP      1500    8.34  60.486  99         
Trans/s    6233.90    162.13       123          461          149          201          300          36.20        7.61  Stream  TCP      1500    7.61  49.618  99         
Trans/s    5102.01    197.04       126          554          189          247          351          44.17        10.31  Stream  TCP      1500    10.31  83.177  99         
Trans/s    6012.61    167.08       115          955          163          201          268          30.79        6.92  Stream  TCP      1500    6.92  47.078  99         
Trans/s    5811.61    171.88       123          551          169          206          239          26.84        7.18  Stream  TCP      1500    7.18  49.729  99         
Trans/s    5543.27    182.63       118          890          175          245          351          46.56        7.59  Stream  TCP      1500    7.59  58.927  99         
Trans/s    6122.95    163.69       119          654          158          197          271          30.59        8.11  Stream  TCP      1500    8.11  52.682  99         
Trans/s    6215.43    160.99       124          548          153          192          239          26.26        5.61  Stream  TCP      1500    5.61  36.107  99         
Trans/s    6080.73    164.70       122          520          161          197          236          26.01        5.43  Stream  TCP      1500    5.43  35.960  99         
Trans/s    5574.18    181.87       117          553          174          245          342          46.37        8.32  Stream  TCP      1500    8.32  63.046  99         
Trans/s    5805.26    173.41       117          3468         167          215          310          51.83        7.03  Stream  TCP      1500    7.03  50.474  99         
Trans/s    5936.47    168.56       120          420          166          202          229          25.43        5.90  Stream  TCP      1500    5.90  40.182  99         
Trans/s    6124.61    164.43       117          579          156          204          276          30.38        7.57  Stream  TCP      1500    7.57  50.971  99         
Trans/s    5689.13    178.50       125          565          172          228          315          39.20        7.95  Stream  TCP      1500    7.95  59.081  99         
Trans/s    6065.25    164.95       118          486          162          197          223          23.98        5.53  Stream  TCP      1500    5.53  36.443  99         
Trans/s    5793.94    174.10       120          701          166          222          318          39.16        6.95  Stream  TCP      1500    6.95  50.184  99         
Trans/s    5859.05    172.19       118          597          167          215          289          34.72        6.68  Stream  TCP      1500    6.68  47.186  99         
Trans/s    5776.07    174.57       116          6956         167          217          308          102.49       6.80  Stream  TCP      1500    6.80  49.446  99         
Trans/s    5790.57    172.96       116          610          170          214          298          36.55        8.98  Stream  TCP      1500    8.98  63.633  99         
Trans/s    5889.60    169.86       119          1766         166          207          257          33.01        6.94  Stream  TCP      1500    6.94  47.939  99         
Trans/s    5686.04    176.63       115          549          172          219          304          38.63        8.14  Stream  TCP      1500    8.14  59.398  99         
Trans/s    5651.76    178.04       121          565          172          225          329          38.96        7.34  Stream  TCP      1500    7.34  53.802  99         
Trans/s    5729.47    175.43       117          606          172          218          304          38.35        7.70  Stream  TCP      1500    7.70  55.440  99         
Trans/s    6369.40    157.01       110          458          149          189          220          23.72        4.92  Stream  TCP      1500    4.92  30.963  99         
Trans/s    6088.46    164.43       119          581          159          201          265          28.68        7.11  Stream  TCP      1500    7.11  46.785  99         
Trans/s    6069.95    165.05       118          443          157          203          277          30.54        7.03  Stream  TCP      1500    7.03  47.130  99         
Trans/s    6179.88    161.63       120          571          154          193          225          23.53        5.87  Stream  TCP      1500    5.87  37.982  99         
Trans/s    5967.37    168.77       117          1293         163          214          300          37.13        7.24  Stream  TCP      1500    7.24  50.147  99         
Trans/s    5733.97    175.65       117          786          170          224          340          40.04        6.87  Stream  TCP      1500    6.87  49.897  99         
Trans/s    5602.88    179.66       118          2092         173          232          341          48.94        8.31  Stream  TCP      1500    8.31  60.997  99         
Trans/s    5466.67    185.45       120          608          178          250          350          45.38        9.34  Stream  TCP      1500    9.34  70.023  99         
Trans/s    5770.47    173.65       127          3350         169          213          275          47.79        6.32  Stream  TCP      1500    6.32  44.600  99         
Trans/s    5820.06    173.34       117          523          166          219          304          37.70        7.40  Stream  TCP      1500    7.40  52.304  99         
Trans/s    5448.77    185.10       120          8017         177          241          341          90.67        8.39  Stream  TCP      1500    8.39  63.477  99         
Trans/s    5741.37    175.27       117          543          172          218          288          35.54        8.02  Stream  TCP      1500    8.02  56.873  99         
Trans/s    5762.79    175.49       116          630          168          228          326          41.62        7.48  Stream  TCP      1500    7.48  55.085  99         
Trans/s    5656.51    177.91       123          519          174          222          308          38.71        8.32  Stream  TCP      1500    8.32  59.208  99         
Trans/s    5524.09    183.06       119          479          179          229          335          41.28        8.78  Stream  TCP      1500    8.78  66.488  99         
Trans/s    6008.32    167.44       120          537          161          205          297          32.70        6.41  Stream  TCP      1500    6.41  44.304  99         
Trans/s    5345.79    189.35       121          574          183          253          338          44.57        8.78  Stream  TCP      1500    8.78  69.375  99         
Trans/s    5317.60    188.88       118          865          181          242          340          43.73        9.60  Stream  TCP      1500    9.60  73.827  99         
Trans/s    5912.41    169.61       117          645          162          209          293          34.63        8.43  Stream  TCP      1500    8.43  57.929  99         
Trans/s    5674.45    177.97       116          483          173          227          333          41.08        7.74  Stream  TCP      1500    7.74  57.104  99         
Trans/s    6290.29    158.76       125          3010         149          188          219          36.44        5.33  Stream  TCP      1500    5.33  33.987  99         
Trans/s    5340.41    187.99       117          560          181          248          342          44.72        9.31  Stream  TCP      1500    9.31  72.050  99         
Trans/s    5352.40    187.48       119          872          181          241          321          41.40        8.83  Stream  TCP      1500    8.83  68.004  99         
Trans/s    5839.18    171.78       118          579          170          208          265          30.22        6.52  Stream  TCP      1500    6.52  45.882  99         
Trans/s    6660.52    150.14       117          442          146          172          210          16.71        22.57  Stream  TCP      1500    22.57  133.599  99         
Trans/s    6780.57    147.25       116          475          145          164          185          13.11        26.62  Stream  TCP      1500    26.62  156.869  99         
