MIGRATED TCP REQUEST/RESPONSE TEST from 0.0.0.0 (0.0.0.0) port 0 AF_INET to 10.69.0.3 (10.69.0) port 0 AF_INET : +/-2.500% @ 99% conf.  : nodelay : first burst 0
Throughput Throughput Mean         Minimum      Maximum      50th         90th         99th         Stddev       Local Socket  Protocol Request Local Local   Confidence 
Units                 Latency      Latency      Latency      Percentile   Percentile   Percentile   Latency      CPU   Type             Size    CPU   Service Level      
                      Microseconds Microseconds Microseconds Latency      Latency      Latency      Microseconds Util                   Bytes   Util  Demand  Percent    
                                                             Microseconds Microseconds Microseconds              %                              %                        
Trans/s    6454.00    155.08       94           556          146          208          315          44.42        7.15  Stream  TCP      1000    7.15  45.530  99         
Trans/s    7370.16    138.12       96           442          124          186          297          39.23        5.40  Stream  TCP      1000    5.40  32.163  99         
Trans/s    7676.44    130.91       93           580          118          170          276          34.77        4.24  Stream  TCP      1000    4.24  23.236  99         
Trans/s    7483.61    135.05       100          495          118          184          297          39.07        5.31  Stream  TCP      1000    5.31  29.871  99         
Trans/s    8358.81    120.67       95           520          113          154          252          28.69        4.01  Stream  TCP      1000    4.01  20.499  99         
Trans/s    7430.20    139.80       96           1288         119          202          312          47.02        7.54  Stream  TCP      1000    7.54  42.902  99         
Trans/s    7259.01    140.59       99           850          124          190          300          43.29        5.22  Stream  TCP      1000    5.22  31.900  99         
Trans/s    7068.90    144.33       95           484          132          205          318          47.78        6.05  Stream  TCP      1000    6.05  36.638  99         
Trans/s    7056.45    142.54       96           518          141          184          264          36.58        7.97  Stream  TCP      1000    7.97  46.952  99         
Trans/s    7445.14    137.04       95           3268         119          185          306          59.63        14.61  Stream  TCP      1000    14.61  76.034  99         
Trans/s    8586.02    116.27       95           368          114          129          189          15.87        14.11  Stream  TCP      1000    14.11  65.574  99         
Trans/s    8374.11    120.06       99           1284         114          149          230          28.50        2.79  Stream  TCP      1000    2.79  14.236  99         
Trans/s    7227.16    139.49       95           435          127          183          262          33.88        5.63  Stream  TCP      1000    5.63  32.350  99         
Trans/s    6949.77    145.54       96           536          130          203          313          47.00        7.81  Stream  TCP      1000    7.81  44.243  99         
Trans/s    8455.95    118.51       94           469          113          145          212          22.49        3.86  Stream  TCP      1000    3.86  18.475  99         
Trans/s    6896.15    145.22       97           943          137          193          292          40.50        6.05  Stream  TCP      1000    6.05  35.952  99         
Trans/s    6979.81    147.23       95           689          132          219          314          49.73        6.79  Stream  TCP      1000    6.79  42.947  99         
Trans/s    7499.69    134.07       95           589          118          179          309          41.69        5.46  Stream  TCP      1000    5.46  29.534  99         
Trans/s    7031.99    146.34       96           519          126          225          328          51.43        6.20  Stream  TCP      1000    6.20  38.514  99         
Trans/s    7555.26    133.52       97           1031         117          184          305          41.85        5.76  Stream  TCP      1000    5.76  31.691  99         
Trans/s    7965.39    126.08       98           430          117          157          250          29.57        6.63  Stream  TCP      1000    6.63  34.180  99         
Trans/s    7552.49    135.97       99           554          119          194          308          42.30        5.03  Stream  TCP      1000    5.03  30.064  99         
Trans/s    6636.68    153.62       93           538          141          223          326          50.99        7.49  Stream  TCP      1000    7.49  47.320  99         
Trans/s    7953.39    127.60       96           637          115          164          260          33.41        4.56  Stream  TCP      1000    4.56  24.551  99         
Trans/s    7240.84    139.57       99           638          130          188          302          40.36        6.58  Stream  TCP      1000    6.58  37.313  99         
Trans/s    7764.92    129.89       94           504          118          161          252          29.67        5.65  Stream  TCP      1000    5.65  30.789  99         
Trans/s    8410.55    118.75       95           614          113          143          219          24.10        3.50  Stream  TCP      1000    3.50  16.485  99         
Trans/s    7337.32    139.26       95           6606         117          196          315          97.34        5.49  Stream  TCP      1000    5.49  32.737  99         
Trans/s    7505.63    136.37       96           521          119          188          316          41.25        7.51  Stream  TCP      1000    7.51  42.041  99         
Trans/s    7859.17    129.04       93           557          116          170          302          38.04        3.70  Stream  TCP      1000    3.70  19.900  99         
Trans/s    7152.27    141.82       99           535          132          189          313          42.32        6.99  Stream  TCP      1000    6.99  41.146  99         
Trans/s    6977.19    145.46       97           854          136          201          310          46.26        6.35  Stream  TCP      1000    6.35  38.970  99         
Trans/s    6983.01    148.39       95           570          134          228          313          50.07        6.40  Stream  TCP      1000    6.40  40.201  99         
Trans/s    6437.18    158.87       94           571          135          252          355          63.51        7.86  Stream  TCP      1000    7.86  51.504  99         
Trans/s    7949.09    127.87       93           7003         114          167          305          91.36        4.14  Stream  TCP      1000    4.14  21.801  99         
Trans/s    8085.63    123.59       98           499          116          156          225          25.88        9.32  Stream  TCP      1000    9.32  44.717  99         
Trans/s    6691.12    151.22       100          573          139          218          315          47.21        7.27  Stream  TCP      1000    7.27  45.283  99         
Trans/s    6911.83    146.93       100          575          140          218          319          48.60        5.80  Stream  TCP      1000    5.80  35.398  99         
Trans/s    7232.56    140.18       95           619          127          190          295          39.56        5.92  Stream  TCP      1000    5.92  34.668  99         
Trans/s    8371.56    119.63       94           3609         113          147          208          53.32        3.55  Stream  TCP      1000    3.55  17.651  99         
Trans/s    7796.27    129.33       95           525          117          160          261          33.07        5.06  Stream  TCP      1000    5.06  27.939  99         
Trans/s    7086.56    141.78       96           532          138          185          269          37.53        6.73  Stream  TCP      1000    6.73  38.712  99         
Trans/s    7118.80    145.30       95           657          128          223          316          50.29        8.20  Stream  TCP      1000    8.20  47.692  99         
Trans/s    7580.70    134.61       96           584          118          182          299          39.48        5.29  Stream  TCP      1000    5.29  30.666  99         
Trans/s    7762.81    131.41       97           584          115          177          310          42.54        5.32  Stream  TCP      1000    5.32  29.920  99         
Trans/s    7013.88    145.81       95           585          129          210          310          45.40        4.96  Stream  TCP      1000    4.96  31.573  99         
Trans/s    6945.76    147.95       96           512          129          232          315          50.22        7.03  Stream  TCP      1000    7.03  43.865  99         
Trans/s    7692.14    131.92       94           6902         116          178          303          78.55        5.84  Stream  TCP      1000    5.84  32.616  99         
Trans/s    8292.72    120.70       92           866          113          152          217          26.83        4.58  Stream  TCP      1000    4.58  22.196  99         
Trans/s    7876.15    128.94       93           598          115          166          262          34.53        6.82  Stream  TCP      1000    6.82  36.312  99         
Trans/s    6756.01    153.76       93           533          140          235          347          55.85        7.54  Stream  TCP      1000    7.54  49.432  99         
Trans/s    6904.55    148.04       93           519          141          208          311          43.25        6.32  Stream  TCP      1000    6.32  39.234  99         
Trans/s    8002.40    126.09       92           1271         113          165          258          34.49        5.21  Stream  TCP      1000    5.21  27.227  99         
Trans/s    6582.14    157.47       93           509          140          251          340          60.81        7.03  Stream  TCP      1000    7.03  48.441  99         
Trans/s    8073.84    124.36       92           1993         113          162          275          37.46        3.45  Stream  TCP      1000    3.45  17.557  99         
Trans/s    8136.02    123.29       93           6815         115          159          219          72.18        3.91  Stream  TCP      1000    3.91  19.650  99         
Trans/s    7942.17    127.58       99           503          116          167          301          34.62        4.20  Stream  TCP      1000    4.20  23.027  99         
Trans/s    8561.87    116.76       99           356          114          135          199          19.39        4.99  Stream  TCP      1000    4.99  23.427  99         
Trans/s    7828.94    128.62       100          466          117          165          244          29.44        4.29  Stream  TCP      1000    4.29  23.265  99         
Trans/s    7305.74    139.08       94           844          127          187          283          40.05        5.65  Stream  TCP      1000    5.65  32.797  99         
Trans/s    7429.36    136.22       98           544          119          181          277          38.00        6.81  Stream  TCP      1000    6.81  38.483  99         
Trans/s    7495.37    136.36       98           636          118          189          315          43.21        5.51  Stream  TCP      1000    5.51  32.077  99         
Trans/s    7719.77    132.45       95           507          115          189          315          43.25        5.32  Stream  TCP      1000    5.32  30.650  99         
Trans/s    7254.91    141.51       97           557          119          205          312          46.87        6.33  Stream  TCP      1000    6.33  37.859  99         
Trans/s    7695.84    131.13       96           474          118          173          275          33.36        5.17  Stream  TCP      1000    5.17  26.659  99         
Trans/s    7241.69    140.91       100          459          126          189          296          41.44        5.42  Stream  TCP      1000    5.42  33.037  99         
Trans/s    7464.37    135.03       97           1287         121          171          260          35.41        6.28  Stream  TCP      1000    6.28  34.476  99         
Trans/s    7141.95    141.58       98           568          140          183          286          38.98        5.93  Stream  TCP      1000    5.93  35.682  99         
Trans/s    7279.64    140.90       100          526          127          191          307          43.07        5.43  Stream  TCP      1000    5.43  33.224  99         
Trans/s    7853.27    128.48       95           539          115          171          276          36.25        4.99  Stream  TCP      1000    4.99  27.183  99         
Trans/s    7042.53    144.39       95           648          132          197          299          43.06        5.71  Stream  TCP      1000    5.71  34.723  99         
Trans/s    8108.88    125.04       99           627          115          163          294          34.74        3.85  Stream  TCP      1000    3.85  20.174  99         
Trans/s    7851.68    128.50       100          519          117          167          292          35.37        6.90  Stream  TCP      1000    6.90  35.961  99         
Trans/s    8042.86    125.40       94           432          115          158          259          32.22        4.91  Stream  TCP      1000    4.91  25.291  99         
Trans/s    7601.05    134.30       93           587          118          186          311          42.05        4.95  Stream  TCP      1000    4.95  28.321  99         
Trans/s    7041.88    146.59       93           600          133          216          307          47.46        6.20  Stream  TCP      1000    6.20  39.134  99         
Trans/s    6847.40    153.28       95           637          135          242          324          56.86        6.73  Stream  TCP      1000    6.73  45.700  99         
Trans/s    6977.83    148.96       96           1004         132          228          350          54.95        6.20  Stream  TCP      1000    6.20  41.424  99         
Trans/s    7769.55    131.19       96           606          115          181          285          39.57        5.24  Stream  TCP      1000    5.24  29.176  99         
Trans/s    8337.71    120.89       95           505          115          147          213          21.54        21.34  Stream  TCP      1000    21.34  100.066  99         
Trans/s    8726.86    114.40       94           306          112          126          139          9.32         28.42  Stream  TCP      1000    28.42  130.505  99         
Trans/s    8557.21    116.75       99           708          114          134          193          18.74        14.57  Stream  TCP      1000    14.57  67.306  99         
Trans/s    8473.20    117.98       99           3750         113          143          203          42.00        3.26  Stream  TCP      1000    3.26  15.368  99         
Trans/s    7004.49    144.30       99           9199         136          193          306          98.93        6.45  Stream  TCP      1000    6.45  38.836  99         
Trans/s    7789.38    134.09       101          538          116          198          341          49.00        4.63  Stream  TCP      1000    4.63  28.012  99         
Trans/s    6878.43    148.55       100          1436         134          213          325          51.01        5.87  Stream  TCP      1000    5.87  35.897  99         
Trans/s    6600.69    155.06       99           577          144          223          315          48.36        7.04  Stream  TCP      1000    7.04  45.927  99         
Trans/s    7040.37    144.95       100          6937         128          204          309          81.46        6.30  Stream  TCP      1000    6.30  39.539  99         
Trans/s    8208.85    122.54       100          409          115          153          253          26.33        7.46  Stream  TCP      1000    7.46  36.079  99         
Trans/s    6924.32    145.22       99           502          139          203          304          43.70        6.06  Stream  TCP      1000    6.06  35.996  99         
Trans/s    7350.95    140.14       96           490          124          197          310          43.94        6.57  Stream  TCP      1000    6.57  39.413  99         
Trans/s    6939.11    146.07       97           501          140          200          308          43.70        7.03  Stream  TCP      1000    7.03  42.360  99         
Trans/s    7440.46    135.90       94           1811         118          181          298          43.61        5.65  Stream  TCP      1000    5.65  32.169  99         
Trans/s    6084.39    167.13       105          645          153          250          319          51.15        8.00  Stream  TCP      1000    8.00  55.033  99         
Trans/s    8147.89    123.93       92           587          114          159          256          29.75        3.82  Stream  TCP      1000    3.82  19.614  99         
Trans/s    7597.50    134.17       94           416          117          180          314          41.32        6.80  Stream  TCP      1000    6.80  37.190  99         
Trans/s    7753.06    130.41       96           515          117          174          259          34.18        4.94  Stream  TCP      1000    4.94  27.354  99         
Trans/s    6572.23    155.06       99           732          145          231          328          51.46        8.04  Stream  TCP      1000    8.04  51.307  99         
Trans/s    8075.33    126.79       96           2044         114          165          304          44.03        4.20  Stream  TCP      1000    4.20  23.124  99         
Trans/s    8146.31    123.69       94           492          116          154          210          23.54        5.45  Stream  TCP      1000    5.45  28.376  99         
