MIGRATED TCP REQUEST/RESPONSE TEST from 0.0.0.0 (0.0.0.0) port 0 AF_INET to 10.69.0.3 (10.69.0) port 0 AF_INET : +/-2.500% @ 99% conf.  : nodelay : first burst 0
Throughput Throughput Mean         Minimum      Maximum      50th         90th         99th         Stddev       Local Socket  Protocol Request Local Local   Confidence 
Units                 Latency      Latency      Latency      Percentile   Percentile   Percentile   Latency      CPU   Type             Size    CPU   Service Level      
                      Microseconds Microseconds Microseconds Latency      Latency      Latency      Microseconds Util                   Bytes   Util  Demand  Percent    
                                                             Microseconds Microseconds Microseconds              %                              %                        
Trans/s    5423.17    185.61       120          839          178          249          350          47.04        8.89  Stream  TCP      1500    8.89  67.250  99         
Trans/s    5955.07    169.06       115          502          162          206          293          33.07        6.30  Stream  TCP      1500    6.30  44.439  99         
Trans/s    5556.50    182.76       120          593          174          244          331          43.30        8.04  Stream  TCP      1500    8.04  61.549  99         
Trans/s    5749.74    175.85       121          441          170          222          335          39.06        7.41  Stream  TCP      1500    7.41  54.264  99         
Trans/s    5339.26    187.94       119          648          183          236          320          39.97        9.79  Stream  TCP      1500    9.79  75.007  99         
Trans/s    5489.73    183.26       118          1577         176          233          331          43.06        10.02  Stream  TCP      1500    10.02  72.889  99         
Trans/s    5558.61    181.44       120          583          177          226          340          41.15        7.67  Stream  TCP      1500    7.67  57.473  99         
Trans/s    5655.09    178.72       117          577          172          228          336          43.06        7.81  Stream  TCP      1500    7.81  57.369  99         
Trans/s    6053.11    164.85       118          441          158          197          238          25.39        6.40  Stream  TCP      1500    6.40  42.544  99         
Trans/s    5413.35    186.36       122          579          181          238          313          38.18        8.84  Stream  TCP      1500    8.84  66.834  99         
Trans/s    5577.09    180.21       121          2726         174          227          323          53.00        10.65  Stream  TCP      1500    10.65  76.355  99         
Trans/s    5575.27    182.52       116          7040         174          248          335          82.51        8.47  Stream  TCP      1500    8.47  64.189  99         
Trans/s    5598.18    180.10       118          649          173          233          333          41.90        7.02  Stream  TCP      1500    7.02  51.953  99         
Trans/s    6003.31    167.48       117          586          158          210          290          34.49        7.26  Stream  TCP      1500    7.26  50.326  99         
Trans/s    5688.40    178.20       115          8938         167          228          342          102.50       7.77  Stream  TCP      1500    7.77  57.333  99         
Trans/s    5713.77    176.14       118          513          171          219          310          37.46        7.50  Stream  TCP      1500    7.50  54.339  99         
Trans/s    6048.89    166.09       128          473          154          207          280          31.45        8.07  Stream  TCP      1500    8.07  54.089  99         
Trans/s    5361.40    188.23       124          986          180          251          336          44.31        8.86  Stream  TCP      1500    8.86  67.869  99         
Trans/s    5572.21    179.45       116          502          174          220          313          38.12        7.94  Stream  TCP      1500    7.94  57.840  99         
Trans/s    6187.93    161.56       116          467          155          195          227          24.45        5.25  Stream  TCP      1500    5.25  33.948  99         
Trans/s    5943.94    168.62       118          905          166          202          285          30.61        6.38  Stream  TCP      1500    6.38  43.999  99         
Trans/s    5595.16    180.11       119          551          175          227          296          38.13        8.21  Stream  TCP      1500    8.21  60.591  99         
Trans/s    6223.77    161.01       119          527          154          194          234          25.28        9.66  Stream  TCP      1500    9.66  60.454  99         
Trans/s    6015.97    166.72       119          825          161          202          286          32.89        6.70  Stream  TCP      1500    6.70  45.666  99         
Trans/s    6238.79    159.99       115          568          152          195          231          24.69        5.54  Stream  TCP      1500    5.54  35.534  99         
Trans/s    6193.83    161.32       114          432          153          197          229          24.43        6.07  Stream  TCP      1500    6.07  39.365  99         
Trans/s    6173.77    162.08       118          539          153          198          235          25.54        5.97  Stream  TCP      1500    5.97  38.887  99         
Trans/s    5995.27    168.45       116          483          157          208          299          36.17        7.52  Stream  TCP      1500    7.52  52.273  99         
Trans/s    4899.02    218.39       127          2029         199          304          367          71.85        7.73  Stream  TCP      1500    7.73  68.464  99         
Trans/s    3604.69    277.53       130          633          282          324          423          50.22        5.34  Stream  TCP      1500    5.34  60.497  99         
Trans/s    4411.20    235.64       124          662          231          318          439          69.41        7.97  Stream  TCP      1500    7.97  75.045  99         
Trans/s    5651.78    182.64       124          533          168          274          327          50.86        5.68  Stream  TCP      1500    5.68  41.344  99         
Trans/s    4402.87    241.04       124          624          259          318          413          70.13        8.72  Stream  TCP      1500    8.72  81.717  99         
Trans/s    6092.57    164.20       118          558          159          201          239          26.90        6.09  Stream  TCP      1500    6.09  40.389  99         
Trans/s    5467.49    183.80       118          477          178          227          328          38.39        9.32  Stream  TCP      1500    9.32  69.927  99         
Trans/s    5156.71    198.96       122          6687         188          271          349          83.07        9.13  Stream  TCP      1500    9.13  76.771  99         
Trans/s    5517.18    182.23       127          632          177          227          346          39.67        8.38  Stream  TCP      1500    8.38  62.575  99         
Trans/s    5816.01    173.58       118          442          167          214          343          37.99        7.24  Stream  TCP      1500    7.24  51.262  99         
Trans/s    6163.10    163.04       119          1332         153          198          284          33.10        7.08  Stream  TCP      1500    7.08  47.201  99         
Trans/s    5406.68    186.80       127          606          180          257          342          46.44        9.11  Stream  TCP      1500    9.11  70.163  99         
Trans/s    5674.82    178.91       117          533          172          226          341          41.43        7.40  Stream  TCP      1500    7.40  56.131  99         
Trans/s    5977.86    167.28       126          553          164          198          236          24.95        6.48  Stream  TCP      1500    6.48  43.638  99         
Trans/s    5404.09    186.95       118          678          177          244          341          44.52        8.15  Stream  TCP      1500    8.15  63.304  99         
Trans/s    5785.08    174.94       126          784          167          221          293          37.92        8.61  Stream  TCP      1500    8.61  60.795  99         
Trans/s    3840.34    270.28       126          699          280          351          447          72.82        6.77  Stream  TCP      1500    6.77  76.769  99         
Trans/s    3888.82    266.23       124          676          276          339          448          68.61        8.24  Stream  TCP      1500    8.24  86.299  99         
Trans/s    5517.91    183.56       122          550          179          232          298          40.96        8.65  Stream  TCP      1500    8.65  66.809  99         
Trans/s    5886.14    169.86       119          471          166          204          254          27.50        6.71  Stream  TCP      1500    6.71  46.174  99         
Trans/s    5799.40    174.64       119          1770         166          225          308          43.21        8.76  Stream  TCP      1500    8.76  62.336  99         
Trans/s    5307.95    190.63       116          1472         183          262          347          48.57        8.82  Stream  TCP      1500    8.82  69.436  99         
Trans/s    5908.05    170.00       118          9719         164          209          283          100.42       7.36  Stream  TCP      1500    7.36  51.293  99         
Trans/s    5556.37    181.06       127          543          175          225          350          40.27        7.84  Stream  TCP      1500    7.84  58.177  99         
Trans/s    6135.86    162.96       117          584          158          196          221          24.26        5.23  Stream  TCP      1500    5.23  34.391  99         
Trans/s    5911.12    169.53       121          503          167          202          262          28.66        6.71  Stream  TCP      1500    6.71  46.350  99         
Trans/s    6073.00    164.88       125          633          158          198          253          27.83        7.72  Stream  TCP      1500    7.72  50.406  99         
Trans/s    5409.31    185.19       124          720          179          232          323          40.31        9.27  Stream  TCP      1500    9.27  69.492  99         
Trans/s    5522.00    182.36       119          6743         176          227          327          80.10        8.50  Stream  TCP      1500    8.50  63.774  99         
Trans/s    5580.01    179.22       119          536          176          219          292          36.22        8.07  Stream  TCP      1500    8.07  58.874  99         
Trans/s    5975.43    167.61       120          513          164          199          280          28.37        6.84  Stream  TCP      1500    6.84  46.784  99         
Trans/s    5714.07    175.84       119          1910         171          221          293          39.00        7.54  Stream  TCP      1500    7.54  53.752  99         
Trans/s    5740.62    174.55       115          490          168          220          289          34.04        8.62  Stream  TCP      1500    8.62  60.752  99         
Trans/s    6161.07    162.48       118          464          156          195          239          25.83        5.99  Stream  TCP      1500    5.99  39.249  99         
Trans/s    5693.33    176.89       117          566          170          223          318          37.17        6.98  Stream  TCP      1500    6.98  50.263  99         
Trans/s    5893.34    169.69       125          564          168          203          265          28.30        7.56  Stream  TCP      1500    7.56  51.880  99         
Trans/s    5425.28    185.96       122          644          180          243          351          43.81        7.91  Stream  TCP      1500    7.91  61.199  99         
Trans/s    6082.81    164.62       115          424          158          203          238          26.88        7.98  Stream  TCP      1500    7.98  52.731  99         
Trans/s    5861.18    171.63       120          1615         168          206          273          34.17        6.31  Stream  TCP      1500    6.31  44.113  99         
Trans/s    5832.41    171.93       126          584          165          213          277          31.36        7.45  Stream  TCP      1500    7.45  52.398  99         
Trans/s    5724.13    177.28       121          594          168          232          345          43.75        6.49  Stream  TCP      1500    6.49  47.597  99         
Trans/s    5563.62    182.82       118          664          174          254          345          48.34        8.04  Stream  TCP      1500    8.04  61.743  99         
Trans/s    5940.73    169.35       117          591          161          213          298          38.72        6.31  Stream  TCP      1500    6.31  44.018  99         
Trans/s    6113.00    163.90       123          749          157          200          248          29.53        7.66  Stream  TCP      1500    7.66  50.980  99         
Trans/s    5335.71    189.22       117          3791         181          253          356          66.79        8.68  Stream  TCP      1500    8.68  67.881  99         
Trans/s    5851.47    173.10       116          600          163          219          297          38.83        7.41  Stream  TCP      1500    7.41  52.516  99         
Trans/s    5348.00    188.34       119          588          179          256          323          43.80        8.77  Stream  TCP      1500    8.77  68.148  99         
Trans/s    5610.80    180.56       117          568          172          239          353          45.21        7.69  Stream  TCP      1500    7.69  57.828  99         
Trans/s    5994.85    167.61       123          1829         161          202          286          37.10        7.04  Stream  TCP      1500    7.04  48.896  99         
Trans/s    5936.93    169.88       118          478          163          208          312          35.24        7.83  Stream  TCP      1500    7.83  53.319  99         
Trans/s    6012.07    167.05       125          6612         161          199          247          92.44        6.10  Stream  TCP      1500    6.10  41.202  99         
Trans/s    6070.30    165.62       120          525          157          205          277          32.67        6.53  Stream  TCP      1500    6.53  45.143  99         
Trans/s    5626.65    177.90       117          539          173          220          284          31.98        8.30  Stream  TCP      1500    8.30  59.730  99         
Trans/s    4240.70    249.34       119          681          268          325          435          71.82        6.42  Stream  TCP      1500    6.42  65.655  99         
Trans/s    3536.70    282.39       131          651          283          335          449          54.61        7.51  Stream  TCP      1500    7.51  85.741  99         
Trans/s    3542.20    281.91       130          733          283          331          430          51.59        7.38  Stream  TCP      1500    7.38  84.038  99         
Trans/s    3592.86    278.18       133          761          282          325          410          48.70        5.81  Stream  TCP      1500    5.81  65.504  99         
Trans/s    4674.71    229.65       115          649          230          317          423          73.41        7.29  Stream  TCP      1500    7.29  69.319  99         
Trans/s    6188.11    161.84       127          768          154          196          247          27.31        7.64  Stream  TCP      1500    7.64  49.578  99         
Trans/s    5591.17    182.87       118          562          173          253          345          46.44        8.58  Stream  TCP      1500    8.58  65.424  99         
Trans/s    5821.71    172.55       126          6885         166          212          284          74.97        7.19  Stream  TCP      1500    7.19  50.612  99         
Trans/s    5891.12    169.94       121          475          166          206          285          31.73        6.68  Stream  TCP      1500    6.68  46.455  99         
Trans/s    5893.86    170.42       118          505          166          209          288          33.46        6.86  Stream  TCP      1500    6.86  47.634  99         
Trans/s    6096.90    164.30       118          6093         158          199          229          65.65        5.72  Stream  TCP      1500    5.72  38.158  99         
Trans/s    5699.49    176.65       115          737          172          222          326          41.93        8.67  Stream  TCP      1500    8.67  60.969  99         
Trans/s    5218.14    194.35       115          640          183          268          356          52.59        9.40  Stream  TCP      1500    9.40  75.798  99         
Trans/s    5748.68    174.24       124          614          171          214          280          33.72        6.76  Stream  TCP      1500    6.76  48.131  99         
Trans/s    6053.79    164.94       119          386          157          199          240          26.26        7.54  Stream  TCP      1500    7.54  50.060  99         
Trans/s    5115.59    200.43       115          649          186          285          384          59.04        9.30  Stream  TCP      1500    9.30  76.966  99         
Trans/s    3656.75    274.35       133          8841         281          326          426          105.49       6.89  Stream  TCP      1500    6.89  76.265  99         
Trans/s    3622.26    276.10       135          827          281          327          426          54.41        5.79  Stream  TCP      1500    5.79  65.044  99         
Trans/s    3436.32    290.69       130          705          286          370          455          60.48        8.47  Stream  TCP      1500    8.47  99.455  99         
