MIGRATED TCP REQUEST/RESPONSE TEST from 0.0.0.0 (0.0.0.0) port 0 AF_INET to 10.69.0.3 (10.69.0) port 0 AF_INET : +/-2.500% @ 99% conf.  : nodelay : first burst 0
Throughput Throughput Mean         Minimum      Maximum      50th         90th         99th         Stddev       Local Socket  Protocol Request Local Local   Confidence 
Units                 Latency      Latency      Latency      Percentile   Percentile   Percentile   Latency      CPU   Type             Size    CPU   Service Level      
                      Microseconds Microseconds Microseconds Latency      Latency      Latency      Microseconds Util                   Bytes   Util  Demand  Percent    
                                                             Microseconds Microseconds Microseconds              %                              %                        
Trans/s    7361.74    140.69       100          589          118          216          318          51.14        5.97  Stream  TCP      1000    5.97  35.819  99         
Trans/s    8542.14    117.05       99           351          113          140          189          18.56        3.09  Stream  TCP      1000    3.09  14.608  99         
Trans/s    7941.86    128.72       95           643          116          173          268          37.19        5.15  Stream  TCP      1000    5.15  28.210  99         
Trans/s    7605.11    134.96       94           531          117          187          313          44.54        4.68  Stream  TCP      1000    4.68  26.933  99         
Trans/s    6702.45    153.17       99           612          141          234          317          52.42        7.35  Stream  TCP      1000    7.35  47.434  99         
Trans/s    8195.80    122.36       98           462          115          148          248          24.52        3.98  Stream  TCP      1000    3.98  19.512  99         
Trans/s    7902.26    128.75       105          568          116          168          295          37.33        4.07  Stream  TCP      1000    4.07  22.659  99         
Trans/s    7161.10    142.37       94           494          129          200          303          44.00        8.81  Stream  TCP      1000    8.81  50.823  99         
Trans/s    8194.91    122.55       96           620          115          152          241          25.73        5.15  Stream  TCP      1000    5.15  25.976  99         
Trans/s    6706.31    153.53       96           888          141          230          318          51.07        5.77  Stream  TCP      1000    5.77  37.737  99         
Trans/s    7006.53    144.59       94           633          131          196          311          43.37        6.18  Stream  TCP      1000    6.18  36.904  99         
Trans/s    7661.29    131.26       100          442          119          165          248          30.24        4.78  Stream  TCP      1000    4.78  25.614  99         
Trans/s    6936.26    146.33       97           782          132          209          312          47.16        7.06  Stream  TCP      1000    7.06  42.725  99         
Trans/s    7548.14    134.11       95           465          117          178          286          38.28        5.16  Stream  TCP      1000    5.16  28.845  99         
Trans/s    7445.50    138.24       95           654          118          197          313          45.50        6.58  Stream  TCP      1000    6.58  37.533  99         
Trans/s    7000.70    143.61       100          2415         134          194          295          47.84        6.51  Stream  TCP      1000    6.51  38.393  99         
Trans/s    7330.16    138.93       99           540          121          194          312          43.73        5.50  Stream  TCP      1000    5.50  32.002  99         
Trans/s    7790.11    129.12       102          2351         118          168          239          37.18        4.40  Stream  TCP      1000    4.40  23.489  99         
Trans/s    7065.61    145.24       97           506          133          212          307          46.40        6.53  Stream  TCP      1000    6.53  39.896  99         
Trans/s    6559.54    152.91       101          535          147          205          295          40.44        6.87  Stream  TCP      1000    6.87  42.327  99         
Trans/s    7736.81    129.84       95           585          117          168          259          34.14        3.84  Stream  TCP      1000    3.84  20.603  99         
Trans/s    7860.69    128.40       98           531          116          169          257          33.48        6.47  Stream  TCP      1000    6.47  33.696  99         
Trans/s    7895.64    129.84       96           467          116          178          305          40.70        5.19  Stream  TCP      1000    5.19  29.321  99         
Trans/s    8268.93    122.53       94           456          113          158          287          32.97        3.88  Stream  TCP      1000    3.88  19.510  99         
Trans/s    7579.52    132.36       95           1140         119          169          249          33.25        5.56  Stream  TCP      1000    5.56  30.095  99         
Trans/s    7647.83    133.12       98           8042         117          170          277          86.65        5.24  Stream  TCP      1000    5.24  29.636  99         
Trans/s    7266.48    140.41       95           680          126          187          294          41.62        5.26  Stream  TCP      1000    5.26  31.788  99         
Trans/s    7300.16    141.07       97           512          120          196          329          47.33        9.01  Stream  TCP      1000    9.01  51.052  99         
Trans/s    6945.27    147.33       97           517          128          233          317          51.39        8.23  Stream  TCP      1000    8.23  50.795  99         
Trans/s    7471.86    137.18       98           3512         118          195          313          54.96        5.73  Stream  TCP      1000    5.73  33.733  99         
Trans/s    7170.37    141.05       100          580          134          185          296          40.72        6.47  Stream  TCP      1000    6.47  38.553  99         
Trans/s    7505.76    134.97       97           460          120          184          263          34.55        3.97  Stream  TCP      1000    3.97  22.805  99         
Trans/s    7549.44    133.64       99           739          118          177          286          37.29        4.88  Stream  TCP      1000    4.88  27.250  99         
Trans/s    7683.89    131.50       102          492          117          180          307          36.51        4.68  Stream  TCP      1000    4.68  26.164  99         
Trans/s    7626.84    134.66       93           588          118          184          300          41.27        5.25  Stream  TCP      1000    5.25  30.667  99         
Trans/s    7866.25    130.70       93           508          115          173          309          40.15        5.86  Stream  TCP      1000    5.86  31.722  99         
Trans/s    7680.81    131.42       93           557          115          181          305          39.93        7.01  Stream  TCP      1000    7.01  36.366  99         
Trans/s    7424.94    137.06       92           518          121          185          297          41.14        6.36  Stream  TCP      1000    6.36  36.208  99         
Trans/s    7367.59    138.12       93           1125         121          187          303          42.81        5.22  Stream  TCP      1000    5.22  30.829  99         
Trans/s    7606.49    133.37       100          360          118          181          296          37.53        4.93  Stream  TCP      1000    4.93  27.405  99         
Trans/s    6668.46    153.25       94           578          144          234          313          48.94        6.41  Stream  TCP      1000    6.41  43.331  99         
Trans/s    7460.25    137.60       97           587          118          188          310          43.96        6.01  Stream  TCP      1000    6.01  36.285  99         
Trans/s    7829.95    129.56       97           1663         116          169          272          37.64        6.09  Stream  TCP      1000    6.09  33.086  99         
Trans/s    7804.62    129.49       98           595          117          166          281          32.87        8.21  Stream  TCP      1000    8.21  40.983  99         
Trans/s    7940.65    126.80       95           419          117          167          228          28.74        3.26  Stream  TCP      1000    3.26  17.025  99         
Trans/s    6661.05    157.58       103          845          139          250          319          57.64        6.41  Stream  TCP      1000    6.41  45.687  99         
Trans/s    7895.28    128.08       98           460          116          172          268          33.96        5.40  Stream  TCP      1000    5.40  28.837  99         
Trans/s    6763.65    150.77       96           541          139          221          328          50.18        7.05  Stream  TCP      1000    7.05  45.565  99         
Trans/s    7268.63    141.08       95           514          127          189          307          43.59        5.88  Stream  TCP      1000    5.88  35.911  99         
Trans/s    7392.43    137.51       102          509          119          189          309          42.13        5.44  Stream  TCP      1000    5.44  30.755  99         
Trans/s    7691.06    132.53       99           1978         116          185          301          44.39        6.52  Stream  TCP      1000    6.52  35.380  99         
Trans/s    7388.06    138.43       94           606          119          196          310          42.92        5.67  Stream  TCP      1000    5.67  32.465  99         
Trans/s    7180.76    141.63       99           653          127          197          310          43.61        6.12  Stream  TCP      1000    6.12  35.622  99         
Trans/s    7520.47    135.27       94           7177         117          180          298          81.53        5.32  Stream  TCP      1000    5.32  30.939  99         
Trans/s    8088.05    123.87       100          558          115          164          226          27.56        4.30  Stream  TCP      1000    4.30  21.675  99         
Trans/s    6632.33    153.89       96           558          144          227          318          48.62        6.06  Stream  TCP      1000    6.06  39.443  99         
Trans/s    7275.91    138.27       98           535          129          181          269          37.38        5.87  Stream  TCP      1000    5.87  33.976  99         
Trans/s    7531.75    133.37       100          4073         119          171          246          50.26        5.11  Stream  TCP      1000    5.11  28.360  99         
Trans/s    8332.10    120.10       100          765          115          147          225          24.39        6.76  Stream  TCP      1000    6.76  33.572  99         
Trans/s    7405.80    138.08       96           497          117          196          319          47.09        5.85  Stream  TCP      1000    5.85  34.137  99         
Trans/s    7643.36    131.79       99           473          119          173          260          32.97        5.17  Stream  TCP      1000    5.17  28.110  99         
Trans/s    7481.95    136.14       94           567          120          186          305          41.70        5.13  Stream  TCP      1000    5.13  29.467  99         
Trans/s    7229.57    139.60       101          582          132          186          259          36.09        7.33  Stream  TCP      1000    7.33  41.896  99         
Trans/s    8335.59    120.93       101          523          114          153          258          27.67        3.79  Stream  TCP      1000    3.79  18.681  99         
Trans/s    7506.98    138.58       96           656          117          207          310          48.02        5.14  Stream  TCP      1000    5.14  31.368  99         
Trans/s    8107.61    125.47       95           789          116          161          300          35.31        5.94  Stream  TCP      1000    5.94  30.481  99         
Trans/s    7963.03    126.45       94           444          116          163          254          30.48        4.33  Stream  TCP      1000    4.33  22.849  99         
Trans/s    7799.89    131.75       95           817          116          184          310          40.82        5.21  Stream  TCP      1000    5.21  28.955  99         
Trans/s    6402.61    160.89       96           8227         145          239          326          98.47        8.04  Stream  TCP      1000    8.04  52.676  99         
Trans/s    7097.59    142.40       94           576          141          184          289          39.50        6.82  Stream  TCP      1000    6.82  38.844  99         
Trans/s    7197.98    143.00       93           940          123          204          308          46.96        5.46  Stream  TCP      1000    5.46  34.676  99         
Trans/s    8571.00    116.43       100          336          114          129          202          18.95        3.71  Stream  TCP      1000    3.71  17.251  99         
Trans/s    7250.54    140.20       94           653          118          204          312          47.31        5.46  Stream  TCP      1000    5.46  32.234  99         
Trans/s    7999.16    128.40       94           640          115          169          280          37.35        6.36  Stream  TCP      1000    6.36  32.386  99         
Trans/s    7782.69    129.70       98           2475         117          165          255          41.16        5.43  Stream  TCP      1000    5.43  28.893  99         
Trans/s    7233.64    141.99       92           533          125          199          298          43.34        6.41  Stream  TCP      1000    6.41  38.570  99         
Trans/s    8099.45    125.15       96           514          115          164          256          30.92        3.96  Stream  TCP      1000    3.96  21.555  99         
Trans/s    6890.39    147.84       94           590          134          221          316          49.08        6.01  Stream  TCP      1000    6.01  36.569  99         
Trans/s    7385.64    138.01       100          584          119          186          295          41.56        6.25  Stream  TCP      1000    6.25  35.807  99         
Trans/s    6816.75    148.33       95           1032         137          214          318          47.07        6.89  Stream  TCP      1000    6.89  43.294  99         
Trans/s    8203.16    122.16       99           556          114          161          250          27.77        5.56  Stream  TCP      1000    5.56  27.558  99         
Trans/s    7747.67    130.08       98           577          117          170          273          32.69        4.73  Stream  TCP      1000    4.73  25.107  99         
Trans/s    7337.10    139.16       100          1901         119          195          313          50.78        5.17  Stream  TCP      1000    5.17  31.025  99         
Trans/s    6962.12    150.77       97           7998         130          235          316          94.67        6.68  Stream  TCP      1000    6.68  44.226  99         
Trans/s    7158.06    141.91       99           638          128          198          314          44.72        5.67  Stream  TCP      1000    5.67  33.442  99         
Trans/s    8070.01    124.47       97           515          116          159          245          28.09        4.98  Stream  TCP      1000    4.98  25.350  99         
Trans/s    7709.09    132.69       93           565          117          179          297          39.53        5.02  Stream  TCP      1000    5.02  27.679  99         
Trans/s    7886.55    127.56       99           577          117          155          257          31.42        7.57  Stream  TCP      1000    7.57  39.889  99         
Trans/s    7754.10    131.51       96           593          116          177          309          42.51        4.63  Stream  TCP      1000    4.63  26.013  99         
Trans/s    7657.05    134.70       96           589          116          187          320          46.08        5.09  Stream  TCP      1000    5.09  31.124  99         
Trans/s    8023.46    126.02       99           494          115          165          255          30.76        3.95  Stream  TCP      1000    3.95  20.566  99         
Trans/s    7606.75    132.31       99           523          119          177          249          32.16        5.89  Stream  TCP      1000    5.89  31.751  99         
Trans/s    7453.40    135.82       96           608          121          175          284          36.67        5.59  Stream  TCP      1000    5.59  31.823  99         
Trans/s    7539.58    136.17       99           528          118          190          311          42.40        5.25  Stream  TCP      1000    5.25  30.948  99         
Trans/s    8355.53    119.95       101          549          115          148          205          22.22        3.26  Stream  TCP      1000    3.26  15.780  99         
Trans/s    7106.71    145.45       101          11067        121          219          313          135.73       9.64  Stream  TCP      1000    9.64  59.686  99         
Trans/s    7025.12    143.62       100          520          139          189          269          36.81        6.14  Stream  TCP      1000    6.14  36.625  99         
Trans/s    7634.63    133.07       98           528          117          177          293          38.13        4.60  Stream  TCP      1000    4.60  25.453  99         
Trans/s    7250.64    140.03       99           606          127          189          263          38.18        5.23  Stream  TCP      1000    5.23  30.669  99         
Trans/s    7121.32    141.38       100          485          137          182          295          38.44        6.04  Stream  TCP      1000    6.04  35.505  99         
