MIGRATED TCP REQUEST/RESPONSE TEST from 0.0.0.0 (0.0.0.0) port 0 AF_INET to 10.69.0.3 (10.69.0) port 0 AF_INET : +/-2.500% @ 99% conf.  : nodelay : first burst 0
Throughput Throughput Mean         Minimum      Maximum      50th         90th         99th         Stddev       Local Socket  Protocol Request Local Local   Confidence 
Units                 Latency      Latency      Latency      Percentile   Percentile   Percentile   Latency      CPU   Type             Size    CPU   Service Level      
                      Microseconds Microseconds Microseconds Latency      Latency      Latency      Microseconds Util                   Bytes   Util  Demand  Percent    
                                                             Microseconds Microseconds Microseconds              %                              %                        
Trans/s    4977.23    211.17       116          677          188          303          403          67.50        7.46  Stream  TCP      1500    7.46  62.817  99         
Trans/s    3511.86    284.19       129          668          284          328          434          46.63        6.85  Stream  TCP      1500    6.85  78.342  99         
Trans/s    3543.84    282.60       129          1230         283          335          448          55.17        6.64  Stream  TCP      1500    6.64  76.316  99         
Trans/s    3709.41    270.28       125          617          279          321          395          53.31        6.71  Stream  TCP      1500    6.71  72.207  99         
Trans/s    3591.79    278.98       125          6815         281          334          453          95.52        7.10  Stream  TCP      1500    7.10  80.898  99         
Trans/s    3587.01    278.34       128          1986         282          325          418          52.13        6.94  Stream  TCP      1500    6.94  77.558  99         
Trans/s    3542.03    282.04       131          686          283          332          440          53.22        6.72  Stream  TCP      1500    6.72  76.908  99         
Trans/s    3574.60    280.91       127          810          284          343          448          61.23        8.85  Stream  TCP      1500    8.85  99.403  99         
Trans/s    5564.91    180.02       117          582          174          230          312          38.40        7.60  Stream  TCP      1500    7.60  55.896  99         
Trans/s    5522.90    184.62       121          1026         173          251          352          49.60        7.81  Stream  TCP      1500    7.81  61.342  99         
Trans/s    5744.19    175.32       121          717          172          219          317          39.55        7.75  Stream  TCP      1500    7.75  55.971  99         
Trans/s    5879.35    171.97       116          507          166          213          344          39.64        7.00  Stream  TCP      1500    7.00  50.320  99         
Trans/s    5630.88    180.57       124          824          167          257          351          48.42        10.20  Stream  TCP      1500    10.20  74.537  99         
Trans/s    5682.59    177.25       117          593          171          224          325          37.99        7.44  Stream  TCP      1500    7.44  54.495  99         
Trans/s    6197.27    161.59       121          478          154          195          247          27.63        5.76  Stream  TCP      1500    5.76  37.284  99         
Trans/s    5748.24    176.45       123          584          168          225          345          42.67        7.83  Stream  TCP      1500    7.83  57.048  99         
Trans/s    5775.65    175.04       119          482          166          227          331          42.85        7.71  Stream  TCP      1500    7.71  55.755  99         
Trans/s    5543.23    182.68       121          617          175          239          341          44.23        8.60  Stream  TCP      1500    8.60  63.878  99         
Trans/s    5920.73    170.72       116          504          160          218          310          39.19        8.87  Stream  TCP      1500    8.87  62.169  99         
Trans/s    5978.01    167.28       115          2166         159          207          288          41.03        6.10  Stream  TCP      1500    6.10  41.070  99         
Trans/s    5659.20    178.11       114          511          172          229          345          43.94        8.08  Stream  TCP      1500    8.08  58.798  99         
Trans/s    5731.43    176.39       120          1373         166          236          343          46.54        7.44  Stream  TCP      1500    7.44  54.734  99         
Trans/s    5885.07    170.20       117          565          169          205          284          32.31        7.49  Stream  TCP      1500    7.49  52.032  99         
Trans/s    5828.11    172.77       117          3049         165          214          324          47.93        7.56  Stream  TCP      1500    7.56  53.262  99         
Trans/s    5951.79    167.97       116          536          163          205          250          28.04        7.33  Stream  TCP      1500    7.33  49.314  99         
Trans/s    6038.04    165.64       120          408          158          196          279          29.99        6.40  Stream  TCP      1500    6.40  42.355  99         
Trans/s    5963.85    168.22       120          581          163          202          291          33.38        7.15  Stream  TCP      1500    7.15  48.463  99         
Trans/s    5347.82    201.75       119          599          174          299          430          70.23        6.77  Stream  TCP      1500    6.77  58.255  99         
Trans/s    3520.26    284.24       126          652          284          337          443          54.40        7.04  Stream  TCP      1500    7.04  81.328  99         
Trans/s    3659.83    273.45       126          891          281          325          409          55.04        7.21  Stream  TCP      1500    7.21  77.464  99         
Trans/s    4049.22    259.27       116          1398         274          326          433          69.23        6.60  Stream  TCP      1500    6.60  69.520  99         
Trans/s    6367.81    156.89       117          505          149          188          217          23.61        5.79  Stream  TCP      1500    5.79  36.446  99         
Trans/s    6283.65    159.41       122          429          152          194          229          26.58        5.83  Stream  TCP      1500    5.83  36.990  99         
Trans/s    5929.39    170.51       120          576          166          218          298          35.82        6.61  Stream  TCP      1500    6.61  47.044  99         
Trans/s    5898.90    170.09       121          555          166          212          275          31.71        8.13  Stream  TCP      1500    8.13  55.472  99         
Trans/s    5552.94    181.77       117          575          176          229          332          42.70        8.17  Stream  TCP      1500    8.17  61.458  99         
Trans/s    5413.35    185.65       119          624          179          235          333          41.55        9.39  Stream  TCP      1500    9.39  71.156  99         
Trans/s    6077.00    165.52       118          380          159          199          285          31.83        6.24  Stream  TCP      1500    6.24  42.104  99         
Trans/s    5667.83    179.32       116          591          172          231          339          43.97        8.24  Stream  TCP      1500    8.24  62.210  99         
Trans/s    5974.46    167.73       122          543          161          202          270          28.07        8.40  Stream  TCP      1500    8.40  56.462  99         
Trans/s    5840.49    172.50       123          532          169          216          306          37.38        7.67  Stream  TCP      1500    7.67  54.757  99         
Trans/s    5355.12    187.54       123          691          182          242          300          41.17        8.57  Stream  TCP      1500    8.57  65.766  99         
Trans/s    6062.88    165.18       115          3380         159          198          280          44.37        6.89  Stream  TCP      1500    6.89  46.474  99         
Trans/s    5334.13    188.77       119          572          184          244          324          41.81        9.26  Stream  TCP      1500    9.26  71.936  99         
Trans/s    5632.15    178.79       119          7504         173          223          298          99.15        8.19  Stream  TCP      1500    8.19  60.864  99         
Trans/s    5856.67    172.46       119          549          166          217          296          35.75        8.27  Stream  TCP      1500    8.27  57.554  99         
Trans/s    5849.69    171.91       118          592          166          215          310          36.67        6.80  Stream  TCP      1500    6.80  48.114  99         
Trans/s    5999.43    166.63       123          560          163          199          228          25.60        6.51  Stream  TCP      1500    6.51  43.562  99         
Trans/s    6113.21    163.69       117          508          155          202          271          30.14        5.42  Stream  TCP      1500    5.42  35.857  99         
Trans/s    6253.55    160.19       117          357          154          192          221          23.93        6.20  Stream  TCP      1500    6.20  39.973  99         
Trans/s    5426.97    187.46       117          602          178          256          351          49.10        8.77  Stream  TCP      1500    8.77  68.604  99         
Trans/s    4535.84    233.52       120          4394         242          316          435          84.88        8.47  Stream  TCP      1500    8.47  79.381  99         
Trans/s    3429.53    290.84       126          5064         286          362          459          76.41        9.00  Stream  TCP      1500    9.00  105.452  99         
Trans/s    4057.86    257.60       132          621          273          326          429          68.11        6.18  Stream  TCP      1500    6.18  66.168  99         
Trans/s    6209.29    161.27       118          341          157          195          239          26.29        5.31  Stream  TCP      1500    5.31  34.314  99         
Trans/s    5871.07    173.99       117          2471         161          239          324          50.57        15.10  Stream  TCP      1500    15.10  99.405  99         
Trans/s    6916.18    144.31       119          327          143          158          169          10.33        28.55  Stream  TCP      1500    28.55  165.232  99         
Trans/s    6030.06    168.98       121          5000         153          218          319          63.23        17.34  Stream  TCP      1500    17.34  109.847  99         
Trans/s    5554.11    182.36       120          608          176          231          344          41.78        8.22  Stream  TCP      1500    8.22  61.288  99         
Trans/s    5061.97    201.79       121          634          190          271          358          54.47        9.75  Stream  TCP      1500    9.75  83.035  99         
Trans/s    6224.08    161.69       117          541          149          199          285          31.57        6.35  Stream  TCP      1500    6.35  42.075  99         
Trans/s    5930.94    169.65       117          576          162          214          292          35.25        7.21  Stream  TCP      1500    7.21  50.474  99         
Trans/s    6057.73    165.29       117          556          163          198          245          26.78        5.99  Stream  TCP      1500    5.99  39.825  99         
Trans/s    5854.46    171.19       117          1442         165          214          294          37.25        9.42  Stream  TCP      1500    9.42  63.611  99         
Trans/s    5973.02    168.01       119          603          163          209          288          34.81        7.69  Stream  TCP      1500    7.69  52.413  99         
Trans/s    5918.05    168.79       115          6503         165          205          283          70.78        7.73  Stream  TCP      1500    7.73  52.844  99         
Trans/s    4133.44    257.90       120          7019         269          358          461          105.46       8.39  Stream  TCP      1500    8.39  89.611  99         
Trans/s    3672.46    272.73       121          765          279          329          439          60.60        7.26  Stream  TCP      1500    7.26  80.332  99         
Trans/s    3746.99    267.65       122          1746         276          324          419          61.96        5.87  Stream  TCP      1500    5.87  64.218  99         
Trans/s    3784.23    270.83       119          711          279          329          434          59.94        6.27  Stream  TCP      1500    6.27  70.532  99         
Trans/s    6279.30    159.04       115          541          149          193          225          24.08        5.08  Stream  TCP      1500    5.08  32.639  99         
Trans/s    6350.96    157.58       115          378          150          188          224          23.33        5.29  Stream  TCP      1500    5.29  33.782  99         
Trans/s    4171.21    248.28       118          666          267          319          413          66.74        7.91  Stream  TCP      1500    7.91  76.147  99         
Trans/s    3699.41    270.08       124          6324         276          324          414          82.99        5.57  Stream  TCP      1500    5.57  60.796  99         
Trans/s    3621.38    276.62       122          887          280          328          433          55.86        6.52  Stream  TCP      1500    6.52  74.009  99         
Trans/s    3554.21    281.03       122          1407         283          332          439          53.61        6.91  Stream  TCP      1500    6.91  78.446  99         
Trans/s    4733.23    219.31       117          797          202          305          418          67.16        8.51  Stream  TCP      1500    8.51  76.702  99         
Trans/s    5806.48    173.99       116          563          169          219          310          38.12        7.74  Stream  TCP      1500    7.74  56.123  99         
Trans/s    6088.25    164.62       114          524          158          204          245          28.81        5.47  Stream  TCP      1500    5.47  36.657  99         
Trans/s    5720.12    175.07       118          479          170          221          304          36.93        7.90  Stream  TCP      1500    7.90  56.153  99         
Trans/s    6200.78    161.91       117          563          154          196          256          28.50        6.40  Stream  TCP      1500    6.40  42.918  99         
Trans/s    6038.54    165.56       115          530          158          204          276          31.12        7.51  Stream  TCP      1500    7.51  49.846  99         
Trans/s    5733.72    176.04       118          1088         169          221          329          41.95        7.58  Stream  TCP      1500    7.58  55.451  99         
Trans/s    6153.48    163.04       115          2351         158          197          258          36.35        5.94  Stream  TCP      1500    5.94  39.282  99         
Trans/s    5166.52    194.99       125          955          185          263          348          49.84        10.12  Stream  TCP      1500    10.12  81.648  99         
Trans/s    5784.18    174.14       117          672          168          218          323          37.43        6.78  Stream  TCP      1500    6.78  48.341  99         
Trans/s    6013.88    166.11       115          844          162          198          250          28.38        5.61  Stream  TCP      1500    5.61  37.465  99         
Trans/s    5576.88    181.35       119          545          174          235          326          41.59        8.84  Stream  TCP      1500    8.84  65.346  99         
Trans/s    6001.70    167.31       120          553          162          204          265          30.06        6.35  Stream  TCP      1500    6.35  43.539  99         
Trans/s    5708.08    175.74       118          572          173          217          304          36.79        7.96  Stream  TCP      1500    7.96  56.845  99         
Trans/s    5950.50    169.13       115          437          164          212          272          31.50        6.57  Stream  TCP      1500    6.57  45.889  99         
Trans/s    5818.57    173.37       116          569          165          222          323          40.00        7.31  Stream  TCP      1500    7.31  52.438  99         
Trans/s    5768.03    175.96       120          535          171          224          306          39.29        7.60  Stream  TCP      1500    7.60  56.634  99         
Trans/s    5914.79    169.43       119          395          165          207          247          28.00        6.92  Stream  TCP      1500    6.92  46.477  99         
Trans/s    3769.99    267.61       127          6015         279          320          394          79.84        6.16  Stream  TCP      1500    6.16  65.813  99         
Trans/s    3762.01    266.05       127          664          276          318          381          52.83        5.34  Stream  TCP      1500    5.34  57.361  99         
Trans/s    3694.46    270.46       125          1182         278          322          397          53.65        5.26  Stream  TCP      1500    5.26  57.154  99         
Trans/s    4173.16    249.36       125          674          269          319          445          70.91        6.65  Stream  TCP      1500    6.65  68.037  99         
Trans/s    6041.82    165.41       125          495          159          198          236          26.10        6.09  Stream  TCP      1500    6.09  40.418  99         
Trans/s    6209.51    161.04       118          542          156          191          220          23.36        5.85  Stream  TCP      1500    5.85  38.133  99         
