MIGRATED TCP REQUEST/RESPONSE TEST from 0.0.0.0 (0.0.0.0) port 0 AF_INET to 10.69.0.3 (10.69.0) port 0 AF_INET : +/-2.500% @ 99% conf.  : nodelay : first burst 0
Throughput Throughput Mean         Minimum      Maximum      50th         90th         99th         Stddev       Local Socket  Protocol Request Local Local   Confidence 
Units                 Latency      Latency      Latency      Percentile   Percentile   Percentile   Latency      CPU   Type             Size    CPU   Service Level      
                      Microseconds Microseconds Microseconds Latency      Latency      Latency      Microseconds Util                   Bytes   Util  Demand  Percent    
                                                             Microseconds Microseconds Microseconds              %                              %                        
Trans/s    10141.40   99.70        70           609          86           128          193          26.68        6.99  Stream  TCP      1       6.99  29.188  99         
Trans/s    9841.26    102.99       65           1872         86           139          283          39.69        7.22  Stream  TCP      1       7.22  30.114  99         
Trans/s    10671.42   94.01        67           646          84           121          223          28.90        6.08  Stream  TCP      1       6.08  23.158  99         
Trans/s    10815.42   93.63        72           533          85           118          193          24.78        5.64  Stream  TCP      1       5.64  22.953  99         
Trans/s    10541.91   95.99        65           386          84           127          217          27.37        4.99  Stream  TCP      1       4.99  21.288  99         
Trans/s    9989.38    102.17       72           517          89           129          256          33.34        6.66  Stream  TCP      1       6.66  29.318  99         
Trans/s    11595.28   86.04        72           553          81           101          153          15.01        4.82  Stream  TCP      1       4.82  16.726  99         
Trans/s    11523.79   86.54        73           349          83           99           150          14.09        4.29  Stream  TCP      1       4.29  15.025  99         
Trans/s    11229.98   89.37        71           6648         81           109          162          72.94        3.80  Stream  TCP      1       3.80  13.501  99         
Trans/s    11134.93   92.75        72           544          82           108          290          34.31        6.85  Stream  TCP      1       6.85  26.780  99         
Trans/s    10980.57   92.63        66           606          81           117          261          31.32        5.03  Stream  TCP      1       5.03  19.708  99         
Trans/s    11038.94   91.49        65           442          82           116          200          24.35        6.61  Stream  TCP      1       6.61  25.509  99         
Trans/s    10701.66   94.14        66           500          84           123          166          22.83        5.09  Stream  TCP      1       5.09  19.607  99         
Trans/s    11172.41   90.19        65           377          80           116          215          26.68        5.91  Stream  TCP      1       5.91  21.724  99         
Trans/s    11145.79   91.72        66           440          81           118          260          29.77        5.22  Stream  TCP      1       5.22  20.973  99         
Trans/s    12000.20   83.11        66           2996         79           94           135          31.68        4.86  Stream  TCP      1       4.86  16.377  99         
Trans/s    11793.92   85.08        65           424          79           103          158          18.02        5.25  Stream  TCP      1       5.25  18.501  99         
Trans/s    10387.82   99.31        66           532          85           137          280          36.23        5.77  Stream  TCP      1       5.77  24.568  99         
Trans/s    10780.15   93.85        65           540          82           123          215          28.16        6.61  Stream  TCP      1       6.61  25.784  99         
Trans/s    11391.29   88.15        66           630          81           108          164          19.66        5.34  Stream  TCP      1       5.34  19.118  99         
Trans/s    11417.57   88.02        67           389          81           104          175          20.62        7.25  Stream  TCP      1       7.25  25.803  99         
Trans/s    10318.48   98.61        66           11727        87           125          190          135.66       7.54  Stream  TCP      1       7.54  34.725  99         
Trans/s    10697.86   94.10        66           491          84           121          200          25.67        5.23  Stream  TCP      1       5.23  20.760  99         
Trans/s    9531.57    106.48       65           2606         102          134          248          42.28        8.20  Stream  TCP      1       8.20  35.637  99         
Trans/s    11545.18   86.38        67           468          81           99           165          17.29        3.72  Stream  TCP      1       3.72  12.891  99         
Trans/s    10568.27   96.54        65           458          83           127          237          30.27        5.94  Stream  TCP      1       5.94  25.027  99         
Trans/s    9429.39    107.29       76           452          101          140          244          32.96        7.11  Stream  TCP      1       7.11  31.183  99         
Trans/s    9594.10    104.71       69           428          99           132          199          27.26        7.04  Stream  TCP      1       7.04  30.315  99         
Trans/s    10149.16   99.50        76           508          87           127          254          30.80        6.08  Stream  TCP      1       6.08  25.510  99         
Trans/s    10727.10   96.37        66           458          82           119          293          35.95        5.58  Stream  TCP      1       5.58  23.010  99         
Trans/s    9999.27    100.85       65           463          89           129          216          29.96        7.75  Stream  TCP      1       7.75  32.045  99         
Trans/s    11417.33   88.28        64           542          80           104          240          29.03        5.97  Stream  TCP      1       5.97  21.740  99         
Trans/s    10002.53   100.84       65           449          94           127          231          29.25        7.18  Stream  TCP      1       7.18  29.525  99         
Trans/s    11033.07   90.95        67           440          81           117          204          24.39        5.29  Stream  TCP      1       5.29  20.308  99         
Trans/s    10576.32   96.04        64           553          82           125          250          32.98        5.99  Stream  TCP      1       5.99  24.459  99         
Trans/s    10537.14   96.11        65           672          82           120          273          33.86        5.58  Stream  TCP      1       5.58  21.678  99         
Trans/s    10807.18   93.12        67           452          82           119          220          27.47        5.43  Stream  TCP      1       5.43  21.188  99         
Trans/s    9845.91    102.96       69           455          87           131          232          31.15        6.73  Stream  TCP      1       6.73  29.100  99         
Trans/s    11047.45   91.20        69           551          81           118          162          21.36        5.06  Stream  TCP      1       5.06  19.050  99         
Trans/s    10165.80   100.69       65           458          85           129          298          38.01        6.03  Stream  TCP      1       6.03  26.236  99         
Trans/s    11402.82   88.28        65           310          81           111          145          16.14        4.81  Stream  TCP      1       4.81  17.375  99         
Trans/s    10115.43   100.34       66           487          87           129          250          33.08        8.03  Stream  TCP      1       8.03  32.525  99         
Trans/s    9781.80    103.89       76           472          92           129          243          32.05        6.82  Stream  TCP      1       6.82  30.563  99         
Trans/s    10023.03   102.60       66           537          86           134          291          37.53        6.49  Stream  TCP      1       6.49  29.013  99         
Trans/s    10371.18   97.69        72           617          86           126          172          24.28        6.26  Stream  TCP      1       6.26  26.196  99         
Trans/s    10270.62   98.37        66           446          83           126          270          35.71        5.48  Stream  TCP      1       5.48  23.049  99         
Trans/s    10919.39   91.62        67           450          86           112          190          21.59        5.47  Stream  TCP      1       5.47  20.427  99         
Trans/s    10028.19   102.34       66           6608         85           129          296          79.73        6.62  Stream  TCP      1       6.62  28.418  99         
Trans/s    11108.18   90.80        67           430          82           113          194          23.17        4.54  Stream  TCP      1       4.54  17.027  99         
Trans/s    10712.40   94.07        73           4771         85           119          193          53.18        5.10  Stream  TCP      1       5.10  20.302  99         
Trans/s    11533.51   86.45        75           488          85           96           146          12.90        4.40  Stream  TCP      1       4.40  15.322  99         
Trans/s    11505.42   86.65        73           1654         84           96           141          19.88        9.02  Stream  TCP      1       9.02  31.479  99         
Trans/s    11932.06   83.59        64           367          80           94           144          12.20        3.58  Stream  TCP      1       3.58  11.881  99         
Trans/s    9333.52    108.96       65           548          102          139          292          38.69        8.23  Stream  TCP      1       8.23  37.307  99         
Trans/s    10836.34   92.74        73           366          84           119          170          20.84        5.53  Stream  TCP      1       5.53  20.770  99         
Trans/s    10772.22   93.73        68           528          82           119          234          28.09        5.12  Stream  TCP      1       5.12  19.263  99         
Trans/s    10236.60   98.28        68           447          86           124          220          29.21        5.88  Stream  TCP      1       5.88  24.200  99         
Trans/s    10986.53   91.69        66           409          81           119          198          24.84        5.73  Stream  TCP      1       5.73  21.469  99         
Trans/s    10358.93   96.82        66           463          85           121          230          28.60        6.67  Stream  TCP      1       6.67  26.432  99         
Trans/s    10617.95   95.07        65           575          85           119          230          29.81        4.81  Stream  TCP      1       4.81  19.286  99         
Trans/s    11132.84   90.26        67           600          82           117          165          20.86        4.56  Stream  TCP      1       4.56  17.099  99         
Trans/s    10357.49   97.20        72           454          87           124          187          24.36        6.43  Stream  TCP      1       6.43  25.843  99         
Trans/s    11055.68   90.48        65           474          85           110          155          17.22        20.02  Stream  TCP      1       20.02  70.867  99         
Trans/s    11811.59   84.43        67           270          81           94           117          9.15         28.81  Stream  TCP      1       28.81  97.617  99         
Trans/s    11764.17   84.76        67           1140         82           94           114          14.84        28.96  Stream  TCP      1       28.96  98.524  99         
Trans/s    11267.03   88.73        72           586          83           103          172          19.69        11.25  Stream  TCP      1       11.25  39.906  99         
Trans/s    10768.19   94.34        76           535          85           122          214          26.94        5.36  Stream  TCP      1       5.36  21.961  99         
Trans/s    10817.41   92.55        70           512          85           109          243          27.26        4.81  Stream  TCP      1       4.81  18.033  99         
Trans/s    11026.48   91.57        65           523          82           117          212          25.84        5.33  Stream  TCP      1       5.33  20.398  99         
Trans/s    11714.30   85.15        65           488          80           97           154          14.97        3.90  Stream  TCP      1       3.90  13.350  99         
Trans/s    10800.29   93.57        68           357          84           124          171          22.31        5.73  Stream  TCP      1       5.73  22.723  99         
Trans/s    11001.55   91.29        71           526          82           110          234          27.25        5.54  Stream  TCP      1       5.54  20.790  99         
Trans/s    11180.71   89.70        65           520          82           115          164          19.92        4.31  Stream  TCP      1       4.31  15.666  99         
Trans/s    11397.92   87.50        67           635          84           98           155          16.36        6.27  Stream  TCP      1       6.27  22.024  99         
Trans/s    10615.29   94.99        66           468          85           122          235          28.11        5.80  Stream  TCP      1       5.80  22.511  99         
Trans/s    10057.82   100.36       73           494          88           137          203          29.18        6.73  Stream  TCP      1       6.73  27.523  99         
Trans/s    10316.08   97.79        67           576          87           124          195          25.90        10.27  Stream  TCP      1       10.27  40.916  99         
Trans/s    10636.09   95.30        67           550          85           118          232          27.72        6.66  Stream  TCP      1       6.66  26.629  99         
Trans/s    11192.12   89.57        69           387          81           111          172          20.18        4.26  Stream  TCP      1       4.26  15.658  99         
Trans/s    10882.74   92.06        70           534          85           112          231          26.24        5.56  Stream  TCP      1       5.56  20.827  99         
Trans/s    10244.28   98.56        66           555          86           127          188          25.09        6.05  Stream  TCP      1       6.05  25.421  99         
Trans/s    10614.58   95.50        66           463          84           122          178          23.26        6.16  Stream  TCP      1       6.16  24.639  99         
Trans/s    9926.74    101.93       66           546          90           130          218          30.12        7.30  Stream  TCP      1       7.30  31.655  99         
Trans/s    9587.27    104.56       67           461          101          128          232          28.28        7.40  Stream  TCP      1       7.40  31.364  99         
Trans/s    10291.58   98.97        68           511          86           128          238          30.76        5.41  Stream  TCP      1       5.41  22.251  99         
Trans/s    9766.16    102.99       65           6891         89           133          278          75.97        7.16  Stream  TCP      1       7.16  29.757  99         
Trans/s    10197.60   98.65        65           604          86           127          189          26.08        8.72  Stream  TCP      1       8.72  34.798  99         
Trans/s    11259.78   89.44        66           354          82           114          164          18.30        4.62  Stream  TCP      1       4.62  17.360  99         
Trans/s    10654.54   94.93        66           6838         84           119          169          71.38        5.35  Stream  TCP      1       5.35  21.739  99         
Trans/s    10343.82   98.09        66           761          85           128          213          29.98        6.81  Stream  TCP      1       6.81  28.558  99         
Trans/s    10156.76   99.67        66           423          86           128          200          26.72        7.06  Stream  TCP      1       7.06  30.529  99         
Trans/s    10489.87   97.35        73           842          86           125          267          31.70        5.53  Stream  TCP      1       5.53  23.007  99         
Trans/s    9769.10    103.91       66           451          91           131          257          35.26        6.98  Stream  TCP      1       6.98  29.852  99         
Trans/s    11170.22   90.86        67           365          81           115          176          21.54        5.53  Stream  TCP      1       5.53  21.933  99         
Trans/s    10748.16   94.85        66           1684         85           118          252          33.50        6.52  Stream  TCP      1       6.52  25.789  99         
Trans/s    11778.09   84.67        65           341          81           95           129          11.23        3.04  Stream  TCP      1       3.04  10.445  99         
Trans/s    11350.18   88.07        66           433          82           106          159          17.83        7.16  Stream  TCP      1       7.16  25.613  99         
Trans/s    10850.23   93.69        73           506          82           117          228          27.91        5.77  Stream  TCP      1       5.77  22.978  99         
Trans/s    11229.78   89.13        73           388          81           110          172          20.51        4.46  Stream  TCP      1       4.46  16.389  99         
Trans/s    10898.03   92.10        67           551          84           118          162          20.02        5.94  Stream  TCP      1       5.94  22.622  99         
