MIGRATED TCP REQUEST/RESPONSE TEST from 0.0.0.0 (0.0.0.0) port 0 AF_INET to 10.69.0.3 (10.69.0) port 0 AF_INET : +/-2.500% @ 99% conf.  : nodelay : first burst 0
Throughput Throughput Mean         Minimum      Maximum      50th         90th         99th         Stddev       Local Socket  Protocol Request Local Local   Confidence 
Units                 Latency      Latency      Latency      Percentile   Percentile   Percentile   Latency      CPU   Type             Size    CPU   Service Level      
                      Microseconds Microseconds Microseconds Latency      Latency      Latency      Microseconds Util                   Bytes   Util  Demand  Percent    
                                                             Microseconds Microseconds Microseconds              %                              %                        
Trans/s    6165.55    163.02       117          609          154          198          278          29.84        5.99  Stream  TCP      1500    5.99  39.065  99         
Trans/s    5988.76    167.03       127          408          160          207          239          27.11        5.94  Stream  TCP      1500    5.94  39.792  99         
Trans/s    6167.62    163.16       115          637          153          194          298          31.72        7.62  Stream  TCP      1500    7.62  50.188  99         
Trans/s    6066.34    164.83       126          417          163          194          223          23.20        5.35  Stream  TCP      1500    5.35  35.300  99         
Trans/s    6485.66    154.54       119          562          147          187          223          23.05        5.33  Stream  TCP      1500    5.33  32.981  99         
Trans/s    6078.07    165.27       123          518          158          197          280          31.34        6.56  Stream  TCP      1500    6.56  44.645  99         
Trans/s    5635.84    182.01       119          590          170          261          359          52.17        6.88  Stream  TCP      1500    6.88  54.051  99         
Trans/s    5829.38    172.15       121          844          169          211          288          34.70        6.94  Stream  TCP      1500    6.94  49.124  99         
Trans/s    5802.68    173.09       115          661          167          213          284          33.19        8.55  Stream  TCP      1500    8.55  59.239  99         
Trans/s    5792.87    174.09       122          7748         170          212          283          83.13        7.22  Stream  TCP      1500    7.22  51.295  99         
Trans/s    5757.16    175.94       125          555          170          226          330          39.49        6.83  Stream  TCP      1500    6.83  50.269  99         
Trans/s    5657.00    178.69       122          598          174          227          333          42.72        8.90  Stream  TCP      1500    8.90  66.324  99         
Trans/s    5059.65    199.98       120          546          191          270          348          48.20        9.65  Stream  TCP      1500    9.65  80.435  99         
Trans/s    4130.03    251.53       130          1757         272          314          422          66.56        6.62  Stream  TCP      1500    6.62  68.091  99         
Trans/s    3541.38    282.95       134          717          283          336          445          54.43        6.40  Stream  TCP      1500    6.40  73.939  99         
Trans/s    3539.60    282.85       131          942          283          342          443          58.49        6.69  Stream  TCP      1500    6.69  77.111  99         
Trans/s    4760.00    222.92       121          898          198          325          445          76.43        8.61  Stream  TCP      1500    8.61  80.349  99         
Trans/s    5745.92    176.87       118          539          169          227          293          39.64        8.96  Stream  TCP      1500    8.96  65.727  99         
Trans/s    5800.81    173.07       116          1111         170          213          290          35.89        7.49  Stream  TCP      1500    7.49  53.557  99         
Trans/s    5794.28    173.75       121          536          170          216          290          35.70        6.94  Stream  TCP      1500    6.94  50.218  99         
Trans/s    5891.26    170.66       119          453          167          214          276          31.87        7.05  Stream  TCP      1500    7.05  49.544  99         
Trans/s    5592.35    180.56       117          660          176          228          299          38.25        6.89  Stream  TCP      1500    6.89  52.715  99         
Trans/s    5667.15    177.40       119          530          171          222          326          36.77        7.91  Stream  TCP      1500    7.91  57.694  99         
Trans/s    6241.60    160.50       115          453          153          198          229          25.58        8.34  Stream  TCP      1500    8.34  53.389  99         
Trans/s    5523.62    183.28       121          640          176          235          340          42.24        8.35  Stream  TCP      1500    8.35  63.878  99         
Trans/s    5556.14    183.55       124          650          176          248          345          48.17        8.69  Stream  TCP      1500    8.69  66.807  99         
Trans/s    5280.60    190.55       124          583          182          252          342          44.62        9.78  Stream  TCP      1500    9.78  76.457  99         
Trans/s    6128.22    162.98       119          543          159          195          233          25.38        5.89  Stream  TCP      1500    5.89  38.531  99         
Trans/s    6119.51    163.49       119          485          155          203          238          26.77        7.11  Stream  TCP      1500    7.11  45.793  99         
Trans/s    5947.46    168.91       117          591          161          210          295          35.15        6.70  Stream  TCP      1500    6.70  46.355  99         
Trans/s    5842.49    171.60       124          6478         166          211          269          72.78        6.88  Stream  TCP      1500    6.88  48.753  99         
Trans/s    5883.94    170.84       117          1010         166          211          292          36.19        7.19  Stream  TCP      1500    7.19  50.419  99         
Trans/s    6145.04    162.74       116          453          159          195          238          26.30        6.38  Stream  TCP      1500    6.38  41.763  99         
Trans/s    5574.82    181.28       125          4073         173          228          342          57.22        8.19  Stream  TCP      1500    8.19  61.665  99         
Trans/s    5748.22    174.65       125          6850         167          218          294          85.53        8.27  Stream  TCP      1500    8.27  59.386  99         
Trans/s    5646.13    179.96       124          556          171          238          341          45.22        7.75  Stream  TCP      1500    7.75  58.539  99         
Trans/s    5908.12    170.39       116          587          165          211          312          35.23        6.65  Stream  TCP      1500    6.65  46.594  99         
Trans/s    5723.27    176.65       117          548          170          227          295          40.31        8.03  Stream  TCP      1500    8.03  58.905  99         
Trans/s    5998.79    167.37       117          517          163          202          279          31.42        5.85  Stream  TCP      1500    5.85  39.295  99         
Trans/s    5968.77    168.52       122          567          164          213          267          32.53        6.28  Stream  TCP      1500    6.28  44.079  99         
Trans/s    5853.65    171.98       119          524          166          213          286          33.50        8.04  Stream  TCP      1500    8.04  56.831  99         
Trans/s    5617.58    179.33       115          591          174          226          310          38.48        8.47  Stream  TCP      1500    8.47  62.785  99         
Trans/s    6131.55    163.30       115          395          160          199          250          27.77        6.29  Stream  TCP      1500    6.29  41.432  99         
Trans/s    5612.69    179.53       120          586          170          230          348          41.88        6.98  Stream  TCP      1500    6.98  52.006  99         
Trans/s    5777.04    174.24       117          437          169          218          300          34.62        6.87  Stream  TCP      1500    6.87  49.720  99         
Trans/s    5907.92    172.98       118          1315         165          224          344          43.82        7.68  Stream  TCP      1500    7.68  56.156  99         
Trans/s    6078.41    164.65       115          643          157          201          265          31.18        8.51  Stream  TCP      1500    8.51  56.882  99         
Trans/s    4854.95    215.62       126          549          193          305          392          66.12        7.67  Stream  TCP      1500    7.67  65.439  99         
Trans/s    3678.70    272.28       124          644          281          316          362          47.47        6.21  Stream  TCP      1500    6.21  67.859  99         
Trans/s    3581.92    281.05       126          831          283          357          448          65.43        7.98  Stream  TCP      1500    7.98  91.936  99         
Trans/s    3542.50    282.82       128          9150         283          346          444          107.03       8.07  Stream  TCP      1500    8.07  90.779  99         
Trans/s    3513.68    285.28       126          3780         283          367          451          75.52        7.69  Stream  TCP      1500    7.69  88.976  99         
Trans/s    3638.01    276.25       129          703          280          348          451          65.32        7.16  Stream  TCP      1500    7.16  81.906  99         
Trans/s    3822.01    264.60       124          689          274          331          443          62.61        9.00  Stream  TCP      1500    9.00  95.785  99         
Trans/s    5804.00    174.02       118          502          164          223          320          39.85        8.61  Stream  TCP      1500    8.61  60.537  99         
Trans/s    5719.74    175.62       116          614          171          218          312          38.69        8.24  Stream  TCP      1500    8.24  59.129  99         
Trans/s    5555.85    181.46       123          574          176          229          297          40.10        8.41  Stream  TCP      1500    8.41  63.889  99         
Trans/s    5438.86    186.30       118          561          180          238          343          42.44        7.98  Stream  TCP      1500    7.98  61.777  99         
Trans/s    5614.58    179.10       124          812          172          229          340          41.55        7.47  Stream  TCP      1500    7.47  54.810  99         
Trans/s    5942.70    169.49       115          493          161          216          294          37.74        9.89  Stream  TCP      1500    9.89  66.996  99         
Trans/s    5828.04    172.67       116          546          167          217          293          36.00        6.75  Stream  TCP      1500    6.75  48.554  99         
Trans/s    5787.83    175.16       115          673          165          227          336          43.33        7.93  Stream  TCP      1500    7.93  58.419  99         
Trans/s    5353.55    187.63       119          542          180          243          340          43.40        8.62  Stream  TCP      1500    8.62  65.936  99         
Trans/s    6068.56    165.41       125          551          159          198          279          28.34        6.58  Stream  TCP      1500    6.58  44.563  99         
Trans/s    5533.18    184.46       126          545          174          245          343          45.44        8.21  Stream  TCP      1500    8.21  63.300  99         
Trans/s    5912.77    170.23       116          529          163          214          300          35.65        8.77  Stream  TCP      1500    8.77  60.256  99         
Trans/s    5651.34    179.46       125          578          172          229          339          42.47        8.19  Stream  TCP      1500    8.19  61.929  99         
Trans/s    5482.44    183.43       118          531          177          233          311          39.72        8.96  Stream  TCP      1500    8.96  67.440  99         
Trans/s    6079.11    164.59       116          461          157          203          237          26.65        6.22  Stream  TCP      1500    6.22  41.124  99         
Trans/s    6247.88    160.07       125          1305         150          194          230          27.65        5.63  Stream  TCP      1500    5.63  36.008  99         
Trans/s    5608.36    180.48       118          6978         174          227          348          79.94        7.76  Stream  TCP      1500    7.76  58.182  99         
Trans/s    5634.38    179.17       124          11360        170          224          318          135.12       11.38  Stream  TCP      1500    11.38  83.852  99         
Trans/s    5939.38    169.80       116          1994         164          211          278          39.15        6.99  Stream  TCP      1500    6.99  49.321  99         
Trans/s    5789.44    174.88       119          582          169          220          322          40.35        7.69  Stream  TCP      1500    7.69  56.976  99         
Trans/s    5585.33    180.34       127          487          176          226          315          38.20        7.80  Stream  TCP      1500    7.80  57.866  99         
Trans/s    5815.04    174.04       122          549          163          226          348          43.32        7.38  Stream  TCP      1500    7.38  54.084  99         
Trans/s    5942.99    169.08       115          554          162          210          299          35.49        7.90  Stream  TCP      1500    7.90  53.714  99         
Trans/s    5735.20    175.52       118          587          169          219          325          40.17        7.45  Stream  TCP      1500    7.45  54.099  99         
Trans/s    6132.38    163.86       117          602          152          202          303          34.39        6.64  Stream  TCP      1500    6.64  44.722  99         
Trans/s    5827.92    173.24       124          585          165          227          301          38.23        6.41  Stream  TCP      1500    6.41  46.458  99         
Trans/s    5123.94    196.41       120          906          189          264          346          47.51        9.48  Stream  TCP      1500    9.48  76.405  99         
Trans/s    5667.97    177.46       124          496          174          219          295          34.17        7.31  Stream  TCP      1500    7.31  53.685  99         
Trans/s    5859.31    172.53       116          602          162          216          325          38.15        9.91  Stream  TCP      1500    9.91  68.792  99         
Trans/s    5008.92    200.66       119          2045         194          267          343          52.36        10.03  Stream  TCP      1500    10.03  82.305  99         
Trans/s    5664.57    176.89       117          544          172          215          282          31.80        8.04  Stream  TCP      1500    8.04  57.731  99         
Trans/s    5590.50    180.71       118          546          174          237          299          42.52        8.30  Stream  TCP      1500    8.30  62.176  99         
Trans/s    5742.54    175.21       118          546          172          219          304          37.44        7.22  Stream  TCP      1500    7.22  52.926  99         
Trans/s    5514.21    183.85       116          575          177          248          324          43.28        8.14  Stream  TCP      1500    8.14  63.420  99         
Trans/s    5834.66    172.80       118          559          165          219          289          34.51        8.21  Stream  TCP      1500    8.21  57.897  99         
Trans/s    5630.34    179.53       117          528          173          231          327          43.09        7.73  Stream  TCP      1500    7.73  58.030  99         
Trans/s    5827.50    171.87       119          571          168          209          283          33.21        7.01  Stream  TCP      1500    7.01  48.880  99         
Trans/s    5636.29    178.13       125          501          175          217          295          35.49        7.78  Stream  TCP      1500    7.78  56.120  99         
Trans/s    6216.22    160.84       117          1503         154          195          232          29.37        5.10  Stream  TCP      1500    5.10  33.056  99         
Trans/s    6130.84    163.10       118          6929         155          201          232          72.59        6.06  Stream  TCP      1500    6.06  39.721  99         
Trans/s    5734.22    175.02       122          1208         170          218          298          36.56        7.96  Stream  TCP      1500    7.96  56.167  99         
Trans/s    5802.21    173.36       114          483          168          219          291          34.41        7.13  Stream  TCP      1500    7.13  51.103  99         
Trans/s    5436.76    184.85       123          542          178          242          337          41.53        9.43  Stream  TCP      1500    9.43  71.376  99         
Trans/s    5474.09    184.41       129          563          177          236          335          41.26        8.02  Stream  TCP      1500    8.02  60.559  99         
Trans/s    6090.11    164.34       117          2344         160          198          261          35.40        6.78  Stream  TCP      1500    6.78  44.842  99         
Trans/s    5945.12    168.51       118          617          161          207          266          29.55        8.97  Stream  TCP      1500    8.97  58.788  99         
