MIGRATED TCP REQUEST/RESPONSE TEST from 0.0.0.0 (0.0.0.0) port 0 AF_INET to 10.69.0.3 (10.69.0) port 0 AF_INET : +/-2.500% @ 99% conf.  : nodelay : first burst 0
Throughput Throughput Mean         Minimum      Maximum      50th         90th         99th         Stddev       Local Socket  Protocol Request Local Local   Confidence 
Units                 Latency      Latency      Latency      Percentile   Percentile   Percentile   Latency      CPU   Type             Size    CPU   Service Level      
                      Microseconds Microseconds Microseconds Latency      Latency      Latency      Microseconds Util                   Bytes   Util  Demand  Percent    
                                                             Microseconds Microseconds Microseconds              %                              %                        
Trans/s    10762.84   94.16        73           485          85           118          218          26.89        5.07  Stream  TCP      1       5.07  20.528  99         
Trans/s    10329.10   98.40        77           623          85           128          247          31.97        5.72  Stream  TCP      1       5.72  23.877  99         
Trans/s    10909.04   91.91        65           780          82           117          204          27.68        5.35  Stream  TCP      1       5.35  21.016  99         
Trans/s    9802.08    104.81       67           543          86           140          292          39.00        6.56  Stream  TCP      1       6.56  30.118  99         
Trans/s    10959.42   91.61        65           608          82           118          180          23.53        4.47  Stream  TCP      1       4.47  16.816  99         
Trans/s    9894.17    102.79       77           515          88           129          269          34.55        7.04  Stream  TCP      1       7.04  31.052  99         
Trans/s    10927.52   92.78        66           4064         81           116          270          50.85        5.17  Stream  TCP      1       5.17  20.698  99         
Trans/s    11368.03   88.21        64           678          81           104          201          21.16        6.35  Stream  TCP      1       6.35  22.019  99         
Trans/s    11617.47   86.40        67           319          81           106          132          13.43        5.45  Stream  TCP      1       5.45  19.377  99         
Trans/s    11451.39   87.58        65           347          80           107          156          16.85        5.98  Stream  TCP      1       5.98  21.844  99         
Trans/s    10690.89   93.69        67           486          86           119          197          23.74        5.58  Stream  TCP      1       5.58  21.523  99         
Trans/s    9981.60    100.58       67           369          87           127          165          23.82        8.54  Stream  TCP      1       8.54  35.157  99         
Trans/s    11365.69   87.63        65           371          85           99           150          13.56        4.50  Stream  TCP      1       4.50  15.794  99         
Trans/s    10296.88   97.70        73           684          86           126          174          24.70        6.02  Stream  TCP      1       6.02  24.020  99         
Trans/s    10518.30   96.04        65           456          86           119          199          25.78        6.08  Stream  TCP      1       6.08  24.630  99         
Trans/s    10420.82   96.58        76           397          86           124          181          23.60        6.63  Stream  TCP      1       6.63  26.735  99         
Trans/s    11504.80   86.67        64           498          85           96           147          13.43        4.62  Stream  TCP      1       4.62  15.996  99         
Trans/s    11650.48   85.55        74           259          81           95           143          12.17        3.69  Stream  TCP      1       3.69  12.736  99         
Trans/s    10673.08   93.96        64           529          85           123          177          23.90        7.85  Stream  TCP      1       7.85  29.689  99         
Trans/s    9923.04    102.60       64           455          92           131          235          32.98        7.87  Stream  TCP      1       7.87  33.630  99         
Trans/s    9940.74    101.11       65           475          93           132          216          30.10        6.67  Stream  TCP      1       6.67  27.807  99         
Trans/s    10641.78   96.43        63           441          84           126          198          26.31        6.66  Stream  TCP      1       6.66  28.408  99         
Trans/s    11245.34   89.38        64           549          80           111          216          26.64        4.95  Stream  TCP      1       4.95  18.894  99         
Trans/s    11561.65   86.53        64           420          81           102          184          18.58        4.43  Stream  TCP      1       4.43  15.462  99         
Trans/s    10085.68   102.32       64           636          89           132          226          31.17        6.86  Stream  TCP      1       6.86  30.188  99         
Trans/s    9790.62    104.80       64           573          93           135          248          35.03        7.59  Stream  TCP      1       7.59  33.938  99         
Trans/s    11428.19   89.17        64           539          80           104          273          31.15        4.55  Stream  TCP      1       4.55  17.900  99         
Trans/s    11201.98   89.75        64           5587         80           113          177          59.86        5.53  Stream  TCP      1       5.53  20.925  99         
Trans/s    11013.02   91.02        64           4604         81           113          210          51.59        6.71  Stream  TCP      1       6.71  24.600  99         
Trans/s    10105.36   103.06       64           533          82           143          295          45.39        6.92  Stream  TCP      1       6.92  29.838  99         
Trans/s    10810.75   95.83        64           465          81           128          233          32.45        5.21  Stream  TCP      1       5.21  22.357  99         
Trans/s    10042.10   102.19       63           541          90           131          241          33.57        7.82  Stream  TCP      1       7.82  34.536  99         
Trans/s    10506.19   95.32        65           503          85           124          198          26.44        5.86  Stream  TCP      1       5.86  22.960  99         
Trans/s    10686.17   94.16        63           530          82           124          199          26.03        5.63  Stream  TCP      1       5.63  22.138  99         
Trans/s    9588.06    104.93       64           773          103          131          217          30.32        8.61  Stream  TCP      1       8.61  37.723  99         
Trans/s    11263.08   89.19        64           572          79           121          205          26.14        5.43  Stream  TCP      1       5.43  20.282  99         
Trans/s    11159.39   90.37        64           319          82           119          166          20.20        4.94  Stream  TCP      1       4.94  18.258  99         
Trans/s    10744.56   93.56        64           448          83           123          209          26.16        5.58  Stream  TCP      1       5.58  21.752  99         
Trans/s    11447.18   87.25        64           2559         80           104          204          34.14        5.10  Stream  TCP      1       5.10  17.866  99         
Trans/s    11915.79   83.75        64           265          80           94           137          13.40        6.48  Stream  TCP      1       6.48  22.189  99         
Trans/s    10658.13   95.21        64           469          82           125          224          28.93        7.05  Stream  TCP      1       7.05  28.202  99         
Trans/s    11825.65   84.36        64           2377         80           96           149          26.95        2.89  Stream  TCP      1       2.89  9.926   99         
Trans/s    10665.07   95.91        64           431          84           126          207          27.42        8.79  Stream  TCP      1       8.79  35.649  99         
Trans/s    11391.69   88.70        64           393          81           115          163          20.22        4.45  Stream  TCP      1       4.45  17.578  99         
Trans/s    10038.76   102.48       65           471          92           130          248          34.86        6.81  Stream  TCP      1       6.81  29.466  99         
Trans/s    10108.02   100.45       64           637          87           135          226          33.00        5.87  Stream  TCP      1       5.87  24.962  99         
Trans/s    10655.23   93.97        64           404          85           117          202          24.32        4.77  Stream  TCP      1       4.77  18.162  99         
Trans/s    11872.96   83.98        64           289          80           96           151          14.03        3.14  Stream  TCP      1       3.14  10.611  99         
Trans/s    11979.83   83.25        64           3977         80           93           135          41.17        3.83  Stream  TCP      1       3.83  13.009  99         
Trans/s    11552.07   87.19        64           466          80           105          202          24.46        4.09  Stream  TCP      1       4.09  14.677  99         
Trans/s    10004.15   100.45       65           532          89           127          239          30.57        9.73  Stream  TCP      1       9.73  39.238  99         
Trans/s    10748.91   94.10        65           513          82           124          168          23.45        6.58  Stream  TCP      1       6.58  26.544  99         
Trans/s    11526.45   86.71        64           459          80           104          172          19.73        4.29  Stream  TCP      1       4.29  15.062  99         
Trans/s    11659.20   85.70        64           358          81           99           156          15.71        4.22  Stream  TCP      1       4.22  14.384  99         
Trans/s    9766.75    105.43       65           486          94           135          288          38.93        7.52  Stream  TCP      1       7.52  32.887  99         
Trans/s    11561.23   86.43        64           394          81           100          174          19.09        4.25  Stream  TCP      1       4.25  14.764  99         
Trans/s    10920.45   91.53        64           371          85           115          190          23.25        3.91  Stream  TCP      1       3.91  14.658  99         
Trans/s    9982.05    102.39       64           475          88           132          280          34.83        6.62  Stream  TCP      1       6.62  28.549  99         
Trans/s    10780.57   93.25        64           501          81           123          191          24.59        4.86  Stream  TCP      1       4.86  18.734  99         
Trans/s    11692.44   85.34        64           480          80           97           162          17.89        3.66  Stream  TCP      1       3.66  12.693  99         
Trans/s    10416.86   97.00        64           554          86           128          175          25.71        9.30  Stream  TCP      1       9.30  35.617  99         
Trans/s    10350.80   98.36        65           490          86           128          186          25.88        5.93  Stream  TCP      1       5.93  25.523  99         
Trans/s    11050.16   91.00        64           487          83           117          178          21.12        6.24  Stream  TCP      1       6.24  23.498  99         
Trans/s    10151.56   99.90        64           651          86           132          248          33.70        5.72  Stream  TCP      1       5.72  24.492  99         
Trans/s    10980.42   91.77        63           6892         81           118          221          72.92        6.20  Stream  TCP      1       6.20  23.259  99         
Trans/s    10620.17   95.13        64           484          84           126          185          25.01        6.04  Stream  TCP      1       6.04  25.116  99         
Trans/s    11469.88   87.96        64           602          81           106          208          24.02        5.12  Stream  TCP      1       5.12  18.917  99         
Trans/s    11108.47   90.60        65           447          81           116          183          22.15        4.28  Stream  TCP      1       4.28  16.469  99         
Trans/s    11408.33   87.68        65           632          80           113          171          22.25        3.97  Stream  TCP      1       3.97  14.334  99         
Trans/s    11018.45   91.91        64           3919         81           120          230          48.04        5.96  Stream  TCP      1       5.96  22.950  99         
Trans/s    10361.95   97.79        64           1024         85           128          225          31.58        6.49  Stream  TCP      1       6.49  26.431  99         
Trans/s    11096.98   90.64        65           9497         82           112          172          96.15        6.74  Stream  TCP      1       6.74  25.408  99         
Trans/s    10475.08   96.51        65           965          87           121          188          25.65        5.85  Stream  TCP      1       5.85  23.730  99         
Trans/s    9967.01    101.03       67           571          94           128          195          26.25        6.26  Stream  TCP      1       6.26  25.911  99         
Trans/s    10891.04   92.47        67           348          84           112          205          24.11        5.54  Stream  TCP      1       5.54  22.221  99         
Trans/s    11563.64   86.38        68           323          81           101          161          16.86        4.38  Stream  TCP      1       4.38  15.209  99         
Trans/s    11497.24   86.71        67           3916         82           98           155          40.79        5.03  Stream  TCP      1       5.03  17.479  99         
Trans/s    11500.44   86.64        67           418          83           98           156          14.48        5.50  Stream  TCP      1       5.50  19.172  99         
Trans/s    11445.63   87.20        67           296          84           102          151          13.99        4.14  Stream  TCP      1       4.14  14.749  99         
Trans/s    9238.82    110.06       74           446          106          147          255          35.37        6.28  Stream  TCP      1       6.28  29.141  99         
Trans/s    10884.63   91.60        65           562          85           113          179          22.13        5.04  Stream  TCP      1       5.04  18.482  99         
Trans/s    11527.86   87.05        65           371          80           107          161          17.38        5.13  Stream  TCP      1       5.13  17.947  99         
Trans/s    11104.88   91.28        66           1021         84           119          163          24.01        8.92  Stream  TCP      1       8.92  33.854  99         
Trans/s    11227.49   89.81        67           500          81           116          160          19.25        4.80  Stream  TCP      1       4.80  18.485  99         
Trans/s    11488.43   87.04        66           515          81           102          168          19.10        2.82  Stream  TCP      1       2.82  10.029  99         
Trans/s    10564.08   95.41        66           353          86           125          204          25.03        6.75  Stream  TCP      1       6.75  26.994  99         
Trans/s    10565.99   96.14        70           509          86           122          227          28.46        6.11  Stream  TCP      1       6.11  24.903  99         
Trans/s    10765.64   93.29        64           440          85           119          171          20.98        5.62  Stream  TCP      1       5.62  21.576  99         
Trans/s    10350.80   97.28        73           456          86           124          187          24.69        5.50  Stream  TCP      1       5.50  22.467  99         
Trans/s    10320.17   97.61        66           435          93           121          199          24.70        6.65  Stream  TCP      1       6.65  27.013  99         
Trans/s    11824.52   84.35        67           445          81           95           138          12.82        4.38  Stream  TCP      1       4.38  14.863  99         
Trans/s    10104.14   100.56       65           538          90           136          209          30.45        5.67  Stream  TCP      1       5.67  23.760  99         
Trans/s    10499.04   95.78        65           540          85           125          210          26.52        8.69  Stream  TCP      1       8.69  33.907  99         
Trans/s    10903.87   91.43        72           494          88           104          156          16.22        4.53  Stream  TCP      1       4.53  16.786  99         
Trans/s    10151.68   99.75        64           521          86           129          232          31.94        6.07  Stream  TCP      1       6.07  26.701  99         
Trans/s    10705.14   94.62        71           3439         85           119          175          40.19        5.76  Stream  TCP      1       5.76  22.786  99         
Trans/s    10760.55   94.42        65           454          86           117          227          27.84        5.13  Stream  TCP      1       5.13  21.005  99         
Trans/s    9540.13    105.83       67           539          104          130          260          33.42        7.89  Stream  TCP      1       7.89  34.939  99         
Trans/s    9695.43    103.72       66           454          94           133          210          28.08        7.87  Stream  TCP      1       7.87  33.617  99         
Trans/s    10334.37   99.54        70           524          85           128          292          38.33        5.82  Stream  TCP      1       5.82  24.714  99         
