MIGRATED TCP REQUEST/RESPONSE TEST from 0.0.0.0 (0.0.0.0) port 0 AF_INET to 10.69.0.3 (10.69.0) port 0 AF_INET : +/-2.500% @ 99% conf.  : nodelay : first burst 0
Throughput Throughput Mean         Minimum      Maximum      50th         90th         99th         Stddev       Local Socket  Protocol Request Local Local   Confidence 
Units                 Latency      Latency      Latency      Percentile   Percentile   Percentile   Latency      CPU   Type             Size    CPU   Service Level      
                      Microseconds Microseconds Microseconds Latency      Latency      Latency      Microseconds Util                   Bytes   Util  Demand  Percent    
                                                             Microseconds Microseconds Microseconds              %                              %                        
Trans/s    8053.55    125.21       80           574          121          155          288          36.69        7.86  Stream  TCP      500     7.86  40.146  99         
Trans/s    9006.37    111.99       85           492          99           144          209          26.86        4.61  Stream  TCP      500     4.61  21.309  99         
Trans/s    8773.61    116.28       82           3726         102          144          305          51.59        8.76  Stream  TCP      500     8.76  40.631  99         
Trans/s    8069.13    124.90       83           563          122          149          300          36.85        6.43  Stream  TCP      500     6.43  32.425  99         
Trans/s    8778.16    115.10       80           459          99           152          288          34.48        6.01  Stream  TCP      500     6.01  28.299  99         
Trans/s    8170.25    123.28       84           657          115          159          291          36.32        6.15  Stream  TCP      500     6.15  31.045  99         
Trans/s    9035.63    111.13       77           2963         101          136          203          36.70        5.68  Stream  TCP      500     5.68  26.149  99         
Trans/s    8279.47    120.75       78           565          113          154          234          30.11        6.38  Stream  TCP      500     6.38  31.654  99         
Trans/s    8977.03    113.46       79           526          97           153          296          38.02        5.36  Stream  TCP      500     5.36  25.091  99         
Trans/s    8129.47    126.13       79           528          120          180          303          42.79        6.46  Stream  TCP      500     6.46  35.314  99         
Trans/s    8755.41    117.66       80           513          102          165          303          42.05        11.01  Stream  TCP      500     11.01  51.967  99         
Trans/s    8997.15    112.68       79           495          102          149          281          32.78        3.85  Stream  TCP      500     3.85  18.709  99         
Trans/s    8815.06    113.82       79           447          104          140          242          29.02        6.89  Stream  TCP      500     6.89  32.395  99         
Trans/s    8948.94    113.05       80           645          98           145          301          36.76        5.59  Stream  TCP      500     5.59  26.815  99         
Trans/s    8027.04    126.08       80           1271         119          174          296          42.19        6.62  Stream  TCP      500     6.62  34.816  99         
Trans/s    8917.67    114.45       78           606          98           149          300          38.69        5.78  Stream  TCP      500     5.78  27.814  99         
Trans/s    8842.89    113.49       80           471          100          150          232          30.57        5.62  Stream  TCP      500     5.62  26.825  99         
Trans/s    9465.24    105.57       80           386          97           134          209          23.59        5.16  Stream  TCP      500     5.16  22.043  99         
Trans/s    7954.59    127.71       79           832          117          189          306          47.09        6.96  Stream  TCP      500     6.96  37.629  99         
Trans/s    9403.12    106.26       79           446          98           129          205          24.51        5.96  Stream  TCP      500     5.96  25.517  99         
Trans/s    9406.18    106.30       79           500          97           136          227          26.46        4.54  Stream  TCP      500     4.54  19.500  99         
Trans/s    9014.25    111.72       79           681          99           141          238          28.86        6.71  Stream  TCP      500     6.71  30.839  99         
Trans/s    7989.27    126.22       82           463          122          166          248          33.97        6.57  Stream  TCP      500     6.57  34.211  99         
Trans/s    8995.85    111.47       81           1923         102          139          229          34.79        4.11  Stream  TCP      500     4.11  18.730  99         
Trans/s    9584.42    104.44       84           7862         97           122          186          80.00        4.22  Stream  TCP      500     4.22  17.725  99         
Trans/s    8798.14    114.16       82           612          101          140          248          32.28        4.76  Stream  TCP      500     4.76  22.308  99         
Trans/s    9054.92    110.75       85           514          99           138          206          24.51        5.02  Stream  TCP      500     5.02  23.309  99         
Trans/s    8464.66    119.43       85           519          108          159          280          36.59        7.51  Stream  TCP      500     7.51  36.600  99         
Trans/s    8369.47    120.05       82           549          109          149          252          33.28        9.38  Stream  TCP      500     9.38  44.659  99         
Trans/s    8208.51    125.85       87           600          106          190          308          46.64        6.62  Stream  TCP      500     6.62  34.885  99         
Trans/s    9081.93    110.57       83           467          100          137          231          27.17        4.64  Stream  TCP      500     4.64  21.156  99         
Trans/s    8975.85    112.43       80           1222         100          147          295          35.35        4.48  Stream  TCP      500     4.48  20.948  99         
Trans/s    8541.12    117.63       82           544          108          145          238          28.81        5.70  Stream  TCP      500     5.70  27.382  99         
Trans/s    8208.60    123.29       80           550          111          164          287          38.74        7.75  Stream  TCP      500     7.75  40.031  99         
Trans/s    8721.32    115.36       81           1200         104          141          242          31.05        5.76  Stream  TCP      500     5.76  27.690  99         
Trans/s    9371.40    107.85       81           506          98           133          236          26.58        4.28  Stream  TCP      500     4.28  19.361  99         
Trans/s    8491.01    117.95       86           890          108          153          255          32.48        7.90  Stream  TCP      500     7.90  37.599  99         
Trans/s    8817.33    115.16       82           4966         103          153          290          62.30        6.16  Stream  TCP      500     6.16  29.267  99         
Trans/s    8583.41    117.47       84           458          109          144          235          28.37        6.65  Stream  TCP      500     6.65  33.017  99         
Trans/s    8714.42    115.42       85           544          103          139          241          29.27        5.70  Stream  TCP      500     5.70  27.306  99         
Trans/s    8760.66    115.88       81           552          103          146          238          30.97        6.78  Stream  TCP      500     6.78  33.542  99         
Trans/s    7593.91    133.88       83           529          125          191          306          44.77        6.67  Stream  TCP      500     6.67  37.485  99         
Trans/s    7765.28    130.61       84           1312         121          184          292          40.64        7.05  Stream  TCP      500     7.05  39.031  99         
Trans/s    8719.05    115.20       81           474          105          148          259          33.36        4.80  Stream  TCP      500     4.80  22.982  99         
Trans/s    7856.27    131.35       84           653          113          206          309          51.35        6.34  Stream  TCP      500     6.34  35.756  99         
Trans/s    8707.68    115.67       82           1851         104          152          245          34.89        7.17  Stream  TCP      500     7.17  33.449  99         
Trans/s    7981.35    127.43       81           622          118          176          308          45.08        6.98  Stream  TCP      500     6.98  37.019  99         
Trans/s    8184.80    124.92       79           648          108          182          308          46.99        6.63  Stream  TCP      500     6.63  34.240  99         
Trans/s    8377.63    120.68       80           4089         108          162          284          54.59        6.04  Stream  TCP      500     6.04  30.667  99         
Trans/s    8369.90    121.21       78           581          102          179          307          46.57        6.05  Stream  TCP      500     6.05  30.009  99         
Trans/s    8934.12    113.11       79           637          100          148          233          30.68        5.22  Stream  TCP      500     5.22  24.818  99         
Trans/s    9295.46    108.02       79           521          97           134          241          27.94        3.79  Stream  TCP      500     3.79  17.135  99         
Trans/s    8843.90    113.47       79           457          101          139          233          27.97        6.98  Stream  TCP      500     6.98  32.478  99         
Trans/s    9274.09    109.35       79           356          98           136          247          31.37        4.88  Stream  TCP      500     4.88  21.770  99         
Trans/s    8921.11    113.79       78           563          101          144          246          33.45        5.35  Stream  TCP      500     5.35  25.641  99         
Trans/s    8062.35    125.10       79           643          126          156          253          34.34        6.88  Stream  TCP      500     6.88  35.630  99         
Trans/s    8452.80    119.86       78           6623         106          163          296          76.43        6.34  Stream  TCP      500     6.34  31.396  99         
Trans/s    9035.21    111.12       79           440          100          141          223          26.79        5.32  Stream  TCP      500     5.32  24.071  99         
Trans/s    8968.84    113.70       79           617          103          147          295          35.89        5.80  Stream  TCP      500     5.80  27.050  99         
Trans/s    8480.82    120.39       78           585          106          170          245          35.39        4.61  Stream  TCP      500     4.61  23.594  99         
Trans/s    8893.61    114.42       78           528          101          148          298          35.31        5.61  Stream  TCP      500     5.61  27.648  99         
Trans/s    8139.19    125.03       79           555          109          179          306          43.49        7.77  Stream  TCP      500     7.77  40.129  99         
Trans/s    9601.49    104.04       78           646          97           123          183          19.91        4.87  Stream  TCP      500     4.87  20.602  99         
Trans/s    9629.75    103.85       79           617          96           120          208          23.79        3.82  Stream  TCP      500     3.82  16.338  99         
Trans/s    9152.66    110.90       79           551          102          139          284          33.70        3.87  Stream  TCP      500     3.87  17.831  99         
Trans/s    9176.30    110.09       80           994          97           142          259          34.07        5.23  Stream  TCP      500     5.23  24.540  99         
Trans/s    8977.99    112.41       79           479          98           149          295          36.71        6.47  Stream  TCP      500     6.47  30.238  99         
Trans/s    7623.85    130.98       78           653          127          179          296          40.29        6.62  Stream  TCP      500     6.62  34.913  99         
Trans/s    8728.73    115.79       79           586          103          146          245          31.89        5.90  Stream  TCP      500     5.90  28.893  99         
Trans/s    8789.96    114.69       79           600          102          152          233          30.99        5.58  Stream  TCP      500     5.58  27.167  99         
Trans/s    8204.51    122.86       78           469          112          163          269          37.03        7.88  Stream  TCP      500     7.88  38.981  99         
Trans/s    8765.17    114.77       79           415          107          146          243          30.14        5.73  Stream  TCP      500     5.73  27.200  99         
Trans/s    9198.08    109.40       79           550          97           134          251          30.57        4.22  Stream  TCP      500     4.22  20.322  99         
Trans/s    9460.37    106.30       79           531          96           131          204          24.29        5.47  Stream  TCP      500     5.47  23.684  99         
Trans/s    8127.78    125.55       78           634          117          168          306          43.16        7.15  Stream  TCP      500     7.15  38.426  99         
Trans/s    9226.97    109.11       79           1337         97           139          244          32.44        5.57  Stream  TCP      500     5.57  24.895  99         
Trans/s    8665.67    115.82       80           468          102          146          251          32.49        4.83  Stream  TCP      500     4.83  23.194  99         
Trans/s    8621.35    116.14       84           8980         104          142          225          92.92        7.54  Stream  TCP      500     7.54  35.532  99         
Trans/s    8279.98    121.79       85           548          108          168          277          37.40        6.32  Stream  TCP      500     6.32  31.883  99         
Trans/s    8112.38    124.03       79           574          118          155          288          36.02        9.59  Stream  TCP      500     9.59  47.078  99         
Trans/s    9249.06    108.07       78           1212         102          127          202          24.63        3.50  Stream  TCP      500     3.50  15.099  99         
Trans/s    8179.37    122.63       84           497          118          152          253          32.91        6.95  Stream  TCP      500     6.95  35.343  99         
Trans/s    8569.02    118.21       82           1467         106          150          235          33.42        5.24  Stream  TCP      500     5.24  26.739  99         
Trans/s    9002.15    112.16       81           460          100          140          248          30.40        6.17  Stream  TCP      500     6.17  28.471  99         
Trans/s    8383.97    120.49       84           614          106          161          302          39.11        4.95  Stream  TCP      500     4.95  25.842  99         
Trans/s    8959.42    113.88       81           438          98           153          304          39.18        4.64  Stream  TCP      500     4.64  21.793  99         
Trans/s    9034.26    111.27       83           402          99           138          222          25.68        4.91  Stream  TCP      500     4.91  22.619  99         
Trans/s    8143.07    124.62       84           1774         110          181          296          44.24        8.60  Stream  TCP      500     8.60  42.661  99         
Trans/s    8588.34    118.80       81           6703         103          156          291          82.63        6.36  Stream  TCP      500     6.36  32.316  99         
Trans/s    9455.01    105.76       81           348          98           126          203          20.71        5.23  Stream  TCP      500     5.23  22.332  99         
Trans/s    8921.27    112.87       82           506          101          143          230          28.34        5.34  Stream  TCP      500     5.34  25.660  99         
Trans/s    8436.75    120.76       81           595          106          171          253          36.71        7.37  Stream  TCP      500     7.37  36.973  99         
Trans/s    8756.25    115.13       81           665          99           147          251          33.86        5.14  Stream  TCP      500     5.14  24.527  99         
Trans/s    8498.57    120.56       79           442          99           159          306          42.91        5.68  Stream  TCP      500     5.68  28.863  99         
Trans/s    8136.36    123.92       82           632          115          159          285          36.83        6.63  Stream  TCP      500     6.63  34.009  99         
Trans/s    7937.76    126.62       85           560          126          154          249          33.11        7.59  Stream  TCP      500     7.59  39.117  99         
Trans/s    8694.99    116.78       81           11023        102          161          244          115.11       10.16  Stream  TCP      500     10.16  48.952  99         
Trans/s    9380.45    106.33       83           464          102          121          196          20.38        4.21  Stream  TCP      500     4.21  18.103  99         
Trans/s    9011.00    113.38       77           521          98           153          299          36.66        4.36  Stream  TCP      500     4.36  21.223  99         
Trans/s    8971.13    113.38       75           512          99           145          287          34.05        5.11  Stream  TCP      500     5.11  24.763  99         
