MIGRATED TCP REQUEST/RESPONSE TEST from 0.0.0.0 (0.0.0.0) port 0 AF_INET to 10.42.248.72 (10.42.2) port 0 AF_INET : +/-2.500% @ 99% conf.  : nodelay : first burst 0
Throughput Throughput Mean         Minimum      Maximum      50th         90th         99th         Stddev       Local  Socket  Protocol Request Local  Local   Confidence 
Units                 Latency      Latency      Latency      Percentile   Percentile   Percentile   Latency      CPU    Type             Size    CPU    Service Level      
                      Microseconds Microseconds Microseconds Latency      Latency      Latency      Microseconds Util                    Bytes   Util   Demand  Percent    
                                                             Microseconds Microseconds Microseconds              %                               %                         
Trans/s    5195.89    198.98       109          5009         177          295          395          120.00       10.14  Stream  TCP      1000    10.14  86.645  99         
Trans/s    5604.34    181.18       108          8622         155          252          365          174.92       9.35  Stream  TCP      1000    9.35  70.213  99         
Trans/s    4868.17    212.03       109          7728         191          297          402          171.28       11.69  Stream  TCP      1000    11.69  104.550  99         
Trans/s    5832.06    174.60       109          4854         154          230          363          114.10       9.20  Stream  TCP      1000    9.20  66.646  99         
Trans/s    6077.74    167.16       108          12973        145          211          347          214.06       8.50  Stream  TCP      1000    8.50  57.694  99         
Trans/s    6012.22    167.92       108          7645         148          217          331          125.35       8.48  Stream  TCP      1000    8.48  58.158  99         
Trans/s    5347.52    192.71       108          5110         171          288          376          113.00       9.91  Stream  TCP      1000    9.91  81.415  99         
Trans/s    6015.91    166.84       108          10181        145          203          330          212.09       7.04  Stream  TCP      1000    7.04  48.177  99         
Trans/s    5838.28    174.96       108          7147         153          239          373          123.27       8.50  Stream  TCP      1000    8.50  63.050  99         
Trans/s    6024.03    167.82       108          5692         149          218          347          97.88        7.68  Stream  TCP      1000    7.68  54.040  99         
Trans/s    6233.49    160.28       108          8164         145          197          246          166.28       7.82  Stream  TCP      1000    7.82  50.311  99         
Trans/s    5857.18    171.02       108          5915         158          213          321          105.76       7.67  Stream  TCP      1000    7.67  53.542  99         
Trans/s    5956.27    168.80       108          5604         151          215          342          114.33       7.50  Stream  TCP      1000    7.50  52.337  99         
Trans/s    5035.03    205.79       108          15954        180          289          418          250.90       10.70  Stream  TCP      1000    10.70  91.523  99         
Trans/s    6246.82    160.59       107          5351         148          205          248          84.66        6.79  Stream  TCP      1000    6.79  44.096  99         
Trans/s    5464.11    188.37       109          10370        161          268          377          201.85       9.31  Stream  TCP      1000    9.31  74.861  99         
Trans/s    6171.44    164.27       108          6517         143          211          337          150.60       8.26  Stream  TCP      1000    8.26  56.852  99         
Trans/s    6353.91    157.47       109          5431         146          193          244          97.24        7.90  Stream  TCP      1000    7.90  49.857  99         
Trans/s    6249.37    162.06       108          6877         145          203          344          120.94       6.97  Stream  TCP      1000    6.97  47.221  99         
Trans/s    5423.51    186.45       108          9746         161          247          367          233.04       10.56  Stream  TCP      1000    10.56  81.169  99         
Trans/s    5634.34    184.07       109          50288        158          239          355          558.68       7.97  Stream  TCP      1000    7.97  63.069  99         
Trans/s    6290.54    159.34       109          5470         146          200          247          97.79        7.85  Stream  TCP      1000    7.85  50.321  99         
Trans/s    6238.72    161.94       109          13454        142          191          250          252.16       6.25  Stream  TCP      1000    6.25  41.157  99         
Trans/s    6197.37    161.56       108          7186         145          197          248          156.78       6.62  Stream  TCP      1000    6.62  42.795  99         
Trans/s    5845.17    175.59       107          9591         147          237          358          213.62       9.40  Stream  TCP      1000    9.40  67.621  99         
Trans/s    5412.51    186.87       108          6617         170          259          365          142.42       9.06  Stream  TCP      1000    9.06  70.557  99         
Trans/s    6148.80    163.32       108          8272         152          204          258          117.26       7.14  Stream  TCP      1000    7.14  47.598  99         
Trans/s    5995.34    170.40       108          8497         150          219          354          139.33       9.06  Stream  TCP      1000    9.06  64.232  99         
Trans/s    6290.47    159.09       108          11443        143          192          273          184.14       6.17  Stream  TCP      1000    6.17  39.414  99         
Trans/s    6278.97    160.87       108          6915         141          204          341          126.31       6.65  Stream  TCP      1000    6.65  44.237  99         
Trans/s    6014.64    167.24       108          7482         150          206          320          136.26       8.37  Stream  TCP      1000    8.37  56.831  99         
Trans/s    5277.52    192.82       109          8051         173          273          377          179.26       9.66  Stream  TCP      1000    9.66  77.404  99         
Trans/s    5412.22    189.87       108          8236         170          273          361          150.42       9.45  Stream  TCP      1000    9.45  75.377  99         
Trans/s    6146.46    164.18       109          14994        147          201          321          179.72       8.22  Stream  TCP      1000    8.22  55.977  99         
Trans/s    6335.78    158.18       108          11866        142          192          252          168.06       6.10  Stream  TCP      1000    6.10  38.623  99         
Trans/s    5882.72    170.64       109          8245         154          213          320          141.27       7.38  Stream  TCP      1000    7.38  50.048  99         
Trans/s    5605.34    184.17       108          9483         159          240          382          184.60       9.28  Stream  TCP      1000    9.28  70.766  99         
Trans/s    5938.20    169.41       107          12382        158          207          269          178.48       7.86  Stream  TCP      1000    7.86  53.383  99         
Trans/s    5737.34    176.71       109          5707         158          233          354          115.69       8.12  Stream  TCP      1000    8.12  60.782  99         
Trans/s    5758.14    182.64       108          11300        151          267          379          221.37       9.53  Stream  TCP      1000    9.53  75.085  99         
Trans/s    5549.87    182.48       109          5588         165          249          356          124.73       9.62  Stream  TCP      1000    9.62  73.494  99         
Trans/s    4773.89    215.35       108          7573         200          303          386          154.97       11.56  Stream  TCP      1000    11.56  103.331  99         
Trans/s    6165.95    162.55       108          5883         144          207          305          135.77       7.50  Stream  TCP      1000    7.50  48.990  99         
Trans/s    5792.10    174.43       108          8716         164          224          306          110.46       10.16  Stream  TCP      1000    10.16  71.729  99         
Trans/s    6145.52    165.55       109          8515         148          208          327          105.81       7.86  Stream  TCP      1000    7.86  54.343  99         
Trans/s    5924.36    170.79       108          10219        149          217          368          188.07       8.10  Stream  TCP      1000    8.10  56.649  99         
Trans/s    5114.41    199.58       109          7238         187          279          385          119.74       11.33  Stream  TCP      1000    11.33  91.875  99         
Trans/s    6027.06    167.15       108          8502         145          201          372          209.76       7.58  Stream  TCP      1000    7.58  50.261  99         
Trans/s    6191.50    164.93       108          7232         145          212          308          126.22       7.85  Stream  TCP      1000    7.85  55.382  99         
Trans/s    5748.88    178.06       108          3645         159          255          355          72.59        9.78  Stream  TCP      1000    9.78  73.615  99         
Trans/s    6244.73    161.40       107          12217        144          198          315          205.65       6.96  Stream  TCP      1000    6.96  46.456  99         
Trans/s    6378.98    157.36       108          13913        142          191          263          182.88       6.64  Stream  TCP      1000    6.64  42.193  99         
Trans/s    5987.24    168.38       108          10598        148          211          327          186.43       8.10  Stream  TCP      1000    8.10  55.691  99         
Trans/s    6235.87    161.15       108          5103         144          197          317          145.53       8.03  Stream  TCP      1000    8.03  51.858  99         
Trans/s    5931.58    169.16       108          7845         151          210          354          153.00       7.85  Stream  TCP      1000    7.85  53.771  99         
Trans/s    5306.04    191.80       108          6582         178          268          358          121.63       10.66  Stream  TCP      1000    10.66  85.405  99         
Trans/s    6301.49    159.49       109          1511         146          199          327          53.68        7.88  Stream  TCP      1000    7.88  51.305  99         
Trans/s    5792.88    173.49       108          12439        153          222          344          209.45       9.43  Stream  TCP      1000    9.43  66.239  99         
Trans/s    5507.47    188.44       109          11381        163          278          382          177.85       9.57  Stream  TCP      1000    9.57  76.486  99         
Trans/s    6090.90    165.08       107          6627         144          210          353          148.61       9.19  Stream  TCP      1000    9.19  61.335  99         
Trans/s    5529.65    183.82       109          5141         166          262          363          102.47       10.18  Stream  TCP      1000    10.18  76.866  99         
Trans/s    5763.74    179.25       109          6346         156          257          359          141.22       9.19  Stream  TCP      1000    9.19  69.422  99         
Trans/s    6498.01    153.94       108          7302         141          183          236          147.88       6.94  Stream  TCP      1000    6.94  43.407  99         
Trans/s    6374.78    157.92       109          4358         143          199          312          83.11        6.79  Stream  TCP      1000    6.79  44.309  99         
Trans/s    5879.87    171.13       108          6529         157          216          261          129.50       7.53  Stream  TCP      1000    7.53  51.296  99         
Trans/s    6031.09    168.18       109          11110        143          204          352          215.82       8.49  Stream  TCP      1000    8.49  59.505  99         
Trans/s    5759.15    175.83       109          8197         159          230          350          155.37       9.95  Stream  TCP      1000    9.95  71.870  99         
Trans/s    5851.84    175.37       109          6454         156          238          350          117.41       9.01  Stream  TCP      1000    9.01  66.185  99         
Trans/s    6056.24    166.84       108          9093         144          200          342          213.37       8.45  Stream  TCP      1000    8.45  58.055  99         
Trans/s    6046.00    165.90       108          5582         149          214          308          94.92        7.16  Stream  TCP      1000    7.16  48.940  99         
Trans/s    5521.22    187.05       108          5256         164          266          368          137.73       8.25  Stream  TCP      1000    8.25  65.366  99         
Trans/s    5804.08    172.88       109          12570        154          210          350          219.71       7.95  Stream  TCP      1000    7.95  55.965  99         
Trans/s    5572.63    182.43       108          10394        166          249          330          165.31       9.03  Stream  TCP      1000    9.03  68.133  99         
Trans/s    6228.30    160.96       107          6038         147          200          261          102.30       7.91  Stream  TCP      1000    7.91  51.960  99         
Trans/s    6092.76    168.65       108          11268        147          210          322          208.13       7.42  Stream  TCP      1000    7.42  52.583  99         
Trans/s    5416.89    190.20       108          6792         164          276          372          141.20       10.14  Stream  TCP      1000    10.14  82.708  99         
Trans/s    5852.85    171.97       108          17795        149          210          338          265.15       6.89  Stream  TCP      1000    6.89  47.974  99         
Trans/s    6548.39    152.66       108          3837         142          191          230          63.07        6.91  Stream  TCP      1000    6.91  42.548  99         
Trans/s    5644.24    182.80       110          6444         159          269          379          123.06       8.74  Stream  TCP      1000    8.74  67.965  99         
Trans/s    6024.46    167.90       109          5947         148          217          352          91.96        9.06  Stream  TCP      1000    9.06  62.024  99         
Trans/s    5947.23    171.60       108          7176         147          222          355          170.44       6.83  Stream  TCP      1000    6.83  49.385  99         
Trans/s    5411.06    186.09       109          5170         170          259          359          115.50       9.46  Stream  TCP      1000    9.46  72.172  99         
Trans/s    6031.21    167.64       108          12156        149          206          329          178.07       8.12  Stream  TCP      1000    8.12  55.001  99         
Trans/s    6428.21    157.02       109          7612         142          196          285          112.84       6.31  Stream  TCP      1000    6.31  40.382  99         
Trans/s    6034.27    167.39       107          5238         149          220          321          106.56       7.88  Stream  TCP      1000    7.88  54.152  99         
Trans/s    6130.48    165.50       108          6762         147          207          327          132.74       9.17  Stream  TCP      1000    9.17  62.541  99         
Trans/s    5714.81    177.86       108          19099        156          241          351          227.63       9.68  Stream  TCP      1000    9.68  71.459  99         
Trans/s    6099.37    164.09       108          6261         148          207          321          113.87       6.97  Stream  TCP      1000    6.97  45.968  99         
Trans/s    5499.24    187.91       108          13599        158          269          391          222.51       12.31  Stream  TCP      1000    12.31  93.084  99         
Trans/s    5837.40    178.89       108          47346        145          220          373          587.24       7.03  Stream  TCP      1000    7.03  53.996  99         
Trans/s    6021.47    169.17       108          7079         148          234          327          122.49       8.97  Stream  TCP      1000    8.97  61.919  99         
Trans/s    5920.11    174.03       107          1776         149          263          357          69.21        8.12  Stream  TCP      1000    8.12  60.215  99         
Trans/s    6381.95    157.14       107          11210        142          190          283          140.40       7.55  Stream  TCP      1000    7.55  48.559  99         
Trans/s    6029.11    166.77       108          6704         148          207          335          150.99       6.53  Stream  TCP      1000    6.53  43.852  99         
Trans/s    6023.72    169.38       110          7220         148          206          363          165.16       8.69  Stream  TCP      1000    8.69  59.116  99         
Trans/s    6110.90    165.25       109          11038        148          208          329          141.52       7.99  Stream  TCP      1000    7.99  52.933  99         
Trans/s    6248.16    162.38       108          5516         145          202          346          108.11       8.79  Stream  TCP      1000    8.79  61.428  99         
Trans/s    5884.35    171.59       109          5855         155          216          324          119.62       7.12  Stream  TCP      1000    7.12  50.420  99         
Trans/s    5840.61    176.51       107          10802        148          268          380          158.66       8.72  Stream  TCP      1000    8.72  65.312  99         
Trans/s    5775.11    174.31       108          15969        150          223          360          206.99       7.65  Stream  TCP      1000    7.65  54.265  99         
