MIGRATED TCP REQUEST/RESPONSE TEST from 0.0.0.0 (0.0.0.0) port 0 AF_INET to 10.69.0.3 (10.69.0) port 0 AF_INET : +/-2.500% @ 99% conf.  : nodelay : first burst 0
Throughput Throughput Mean         Minimum      Maximum      50th         90th         99th         Stddev       Local Socket  Protocol Request Local Local   Confidence 
Units                 Latency      Latency      Latency      Percentile   Percentile   Percentile   Latency      CPU   Type             Size    CPU   Service Level      
                      Microseconds Microseconds Microseconds Latency      Latency      Latency      Microseconds Util                   Bytes   Util  Demand  Percent    
                                                             Microseconds Microseconds Microseconds              %                              %                        
Trans/s    6958.43    151.12       105          654          120          219          354          54.03        7.71  Stream  TCP      1000    7.71  51.462  99         
Trans/s    6863.60    146.64       102          586          137          192          267          34.69        7.29  Stream  TCP      1000    7.29  43.391  99         
Trans/s    6339.99    162.06       102          723          147          235          340          51.48        10.01  Stream  TCP      1000    10.01  69.928  99         
Trans/s    5986.10    171.63       103          975          166          253          366          55.68        11.92  Stream  TCP      1000    11.92  82.116  99         
Trans/s    6051.51    166.46       106          545          171          207          301          42.47        10.11  Stream  TCP      1000    10.11  68.628  99         
Trans/s    5939.49    172.41       106          593          162          265          369          58.99        9.54  Stream  TCP      1000    9.54  69.212  99         
Trans/s    6564.39    157.39       105          554          130          231          356          54.42        7.99  Stream  TCP      1000    7.99  53.506  99         
Trans/s    5935.13    170.20       107          727          170          226          340          50.25        9.40  Stream  TCP      1000    9.40  66.034  99         
Trans/s    5719.86    185.30       106          642          171          291          384          73.60        10.98  Stream  TCP      1000    10.98  86.210  99         
Trans/s    5727.25    180.99       104          915          165          284          379          71.48        12.09  Stream  TCP      1000    12.09  90.740  99         
Trans/s    7020.90    146.48       103          668          124          196          344          46.79        8.34  Stream  TCP      1000    8.34  52.514  99         
Trans/s    5827.62    177.09       105          1460         165          261          373          63.80        10.57  Stream  TCP      1000    10.57  78.000  99         
Trans/s    6499.49    158.52       101          560          143          219          331          49.52        9.70  Stream  TCP      1000    9.70  63.986  99         
Trans/s    6483.60    162.83       105          650          127          277          374          67.65        9.05  Stream  TCP      1000    9.05  64.573  99         
Trans/s    7041.08    146.45       106          646          124          216          341          49.32        8.10  Stream  TCP      1000    8.10  49.855  99         
Trans/s    6218.45    168.06       107          596          144          274          369          64.66        11.79  Stream  TCP      1000    11.79  80.711  99         
Trans/s    5972.98    172.41       105          712          169          254          356          56.21        9.78  Stream  TCP      1000    9.78  70.210  99         
Trans/s    6593.30    161.14       107          625          125          274          373          67.31        7.74  Stream  TCP      1000    7.74  56.318  99         
Trans/s    7637.53    131.72       104          377          119          181          231          27.29        6.21  Stream  TCP      1000    6.21  33.365  99         
Trans/s    6242.24    168.33       102          674          139          261          369          63.50        10.22  Stream  TCP      1000    10.22  75.974  99         
Trans/s    7335.61    141.06       100          616          120          193          362          49.89        6.94  Stream  TCP      1000    6.94  41.011  99         
Trans/s    6144.23    175.00       100          712          129          288          382          77.20        9.55  Stream  TCP      1000    9.55  72.858  99         
Trans/s    7284.39    143.32       101          652          121          211          369          52.17        8.00  Stream  TCP      1000    8.00  50.065  99         
Trans/s    5978.53    177.36       99           7493         153          292          378          104.17       10.23  Stream  TCP      1000    10.23  77.109  99         
Trans/s    6770.73    158.11       100          644          125          255          367          63.54        8.64  Stream  TCP      1000    8.64  59.521  99         
Trans/s    6273.82    162.14       99           653          149          235          367          55.30        8.77  Stream  TCP      1000    8.77  58.554  99         
Trans/s    6098.91    175.67       100          696          155          280          378          68.44        10.40  Stream  TCP      1000    10.40  76.644  99         
Trans/s    6319.17    162.65       100          617          153          222          355          53.98        10.37  Stream  TCP      1000    10.37  70.771  99         
Trans/s    6536.40    158.38       100          686          132          241          365          58.36        9.76  Stream  TCP      1000    9.76  63.310  99         
Trans/s    5629.22    186.03       101          775          179          278          378          65.69        11.05  Stream  TCP      1000    11.05  86.562  99         
Trans/s    5677.72    178.69       101          707          175          244          361          52.48        11.00  Stream  TCP      1000    11.00  79.655  99         
Trans/s    6751.39    152.16       101          652          129          212          303          46.75        9.24  Stream  TCP      1000    9.24  59.370  99         
Trans/s    6261.75    163.34       102          573          155          239          318          50.19        9.13  Stream  TCP      1000    9.13  61.404  99         
Trans/s    5518.52    185.01       100          558          174          281          372          65.49        12.89  Stream  TCP      1000    12.89  95.176  99         
Trans/s    6290.31    168.21       101          644          138          269          376          66.45        12.28  Stream  TCP      1000    12.28  84.031  99         
Trans/s    5615.02    189.12       100          677          176          296          377          72.40        11.32  Stream  TCP      1000    11.32  89.908  99         
Trans/s    6245.18    164.37       100          554          159          231          355          52.87        9.84  Stream  TCP      1000    9.84  66.930  99         
Trans/s    6138.38    170.58       100          581          158          256          369          61.17        10.05  Stream  TCP      1000    10.05  70.737  99         
Trans/s    7014.83    151.24       98           578          123          241          369          60.27        7.59  Stream  TCP      1000    7.59  51.526  99         
Trans/s    6219.42    165.96       100          619          157          260          344          56.44        9.37  Stream  TCP      1000    9.37  65.945  99         
Trans/s    6130.53    169.06       100          3207         149          258          370          70.12        11.30  Stream  TCP      1000    11.30  78.205  99         
Trans/s    6514.26    166.37       101          13186        127          278          381          148.05       10.19  Stream  TCP      1000    10.19  77.847  99         
Trans/s    6674.70    155.98       101          563          126          236          372          59.07        8.94  Stream  TCP      1000    8.94  59.853  99         
Trans/s    6851.74    159.83       99           537          124          283          388          73.10        7.32  Stream  TCP      1000    7.32  54.619  99         
Trans/s    6530.99    158.93       100          642          141          237          362          56.23        8.32  Stream  TCP      1000    8.32  55.547  99         
Trans/s    6620.65    153.09       101          1077         134          211          306          46.16        9.20  Stream  TCP      1000    9.20  58.088  99         
Trans/s    7086.97    142.53       99           572          125          188          296          38.79        10.37  Stream  TCP      1000    10.37  59.384  99         
Trans/s    6883.41    149.62       100          2669         127          205          345          53.83        8.69  Stream  TCP      1000    8.69  56.275  99         
Trans/s    5947.23    172.77       99           709          151          277          376          66.73        10.29  Stream  TCP      1000    10.29  73.807  99         
Trans/s    5970.67    173.29       100          719          162          264          363          59.70        9.65  Stream  TCP      1000    9.65  71.458  99         
Trans/s    6639.18    152.10       102          668          140          204          292          41.41        7.86  Stream  TCP      1000    7.86  49.407  99         
Trans/s    6697.99    153.36       105          666          128          216          324          49.12        8.18  Stream  TCP      1000    8.18  53.914  99         
Trans/s    6692.19    151.09       108          648          136          197          330          43.13        10.84  Stream  TCP      1000    10.84  66.554  99         
Trans/s    6657.29    156.45       105          2568         128          231          345          62.22        9.05  Stream  TCP      1000    9.05  58.855  99         
Trans/s    6606.01    154.75       101          616          130          216          364          52.43        9.32  Stream  TCP      1000    9.32  60.517  99         
Trans/s    6592.78    158.68       106          2142         129          243          369          65.10        8.41  Stream  TCP      1000    8.41  56.944  99         
Trans/s    6914.44    149.39       102          665          123          215          360          53.64        8.81  Stream  TCP      1000    8.81  55.733  99         
Trans/s    5629.57    181.80       103          648          174          281          370          65.27        12.01  Stream  TCP      1000    12.01  90.900  99         
Trans/s    7075.80    150.93       108          2141         119          254          373          67.12        9.50  Stream  TCP      1000    9.50  60.950  99         
Trans/s    7459.98    134.77       108          351          122          181          224          27.00        5.30  Stream  TCP      1000    5.30  29.435  99         
Trans/s    6164.70    169.12       104          663          155          268          367          61.55        10.27  Stream  TCP      1000    10.27  73.216  99         
Trans/s    6761.05    156.04       103          661          124          235          369          60.41        8.19  Stream  TCP      1000    8.19  56.749  99         
Trans/s    5722.21    188.16       102          655          170          302          410          77.54        10.22  Stream  TCP      1000    10.22  83.160  99         
Trans/s    7189.09    143.40       102          675          123          197          364          49.45        7.14  Stream  TCP      1000    7.14  43.232  99         
Trans/s    6362.75    163.41       111          630          133          250          367          61.04        9.17  Stream  TCP      1000    9.17  63.503  99         
Trans/s    6497.53    159.65       103          562          136          241          368          57.58        11.08  Stream  TCP      1000    11.08  69.527  99         
Trans/s    5896.83    176.79       105          593          162          276          378          65.33        10.65  Stream  TCP      1000    10.65  79.955  99         
Trans/s    6534.41    155.21       106          600          145          202          294          41.66        8.80  Stream  TCP      1000    8.80  56.055  99         
Trans/s    6042.82    170.20       106          539          157          246          337          53.70        9.40  Stream  TCP      1000    9.40  65.540  99         
Trans/s    6090.74    169.38       104          684          161          255          366          60.52        9.71  Stream  TCP      1000    9.71  69.131  99         
Trans/s    6234.31    166.66       106          6084         153          244          369          84.52        9.04  Stream  TCP      1000    9.04  62.453  99         
Trans/s    7090.25    145.63       103          550          122          199          334          46.37        11.23  Stream  TCP      1000    11.23  68.184  99         
Trans/s    6596.71    155.77       105          3469         132          219          358          61.54        9.55  Stream  TCP      1000    9.55  62.028  99         
Trans/s    7411.40    136.58       103          444          119          184          261          33.05        7.50  Stream  TCP      1000    7.50  42.721  99         
Trans/s    6124.88    170.15       108          623          160          252          375          61.42        10.27  Stream  TCP      1000    10.27  73.715  99         
Trans/s    6463.59    160.08       103          637          133          245          365          57.25        9.23  Stream  TCP      1000    9.23  61.105  99         
Trans/s    6208.41    164.66       104          836          158          232          330          48.33        10.40  Stream  TCP      1000    10.40  71.194  99         
Trans/s    7179.18    141.50       107          614          123          190          289          37.91        9.21  Stream  TCP      1000    9.21  53.617  99         
Trans/s    6461.12    158.12       108          607          138          217          330          48.87        9.62  Stream  TCP      1000    9.62  63.681  99         
Trans/s    6042.80    169.00       104          689          167          240          332          49.98        9.76  Stream  TCP      1000    9.76  69.202  99         
Trans/s    6084.14    169.17       106          650          150          254          371          59.67        9.70  Stream  TCP      1000    9.70  67.590  99         
Trans/s    5978.60    172.30       106          660          163          268          373          62.35        10.72  Stream  TCP      1000    10.72  76.414  99         
Trans/s    7165.70    144.06       101          761          123          199          367          51.59        7.14  Stream  TCP      1000    7.14  44.297  99         
Trans/s    5820.59    176.82       108          696          174          248          357          55.09        12.29  Stream  TCP      1000    12.29  89.127  99         
Trans/s    5895.95    179.53       101          17695        158          282          378          188.24       11.62  Stream  TCP      1000    11.62  88.754  99         
Trans/s    6187.42    170.73       105          635          140          278          375          66.29        8.99  Stream  TCP      1000    8.99  67.214  99         
Trans/s    6863.44    149.40       106          625          122          219          360          53.54        7.65  Stream  TCP      1000    7.65  47.892  99         
Trans/s    6449.18    164.03       106          669          127          272          374          68.14        9.28  Stream  TCP      1000    9.28  65.542  99         
Trans/s    6554.69    158.74       105          693          131          245          368          59.51        8.73  Stream  TCP      1000    8.73  58.985  99         
Trans/s    6785.15    151.12       104          677          133          201          330          45.03        8.07  Stream  TCP      1000    8.07  51.920  99         
Trans/s    6573.53    154.98       110          706          140          212          307          45.54        9.96  Stream  TCP      1000    9.96  62.537  99         
Trans/s    7181.23    142.43       107          625          119          200          347          49.47        7.56  Stream  TCP      1000    7.56  46.321  99         
Trans/s    6586.04    157.21       104          706          127          221          332          54.88        8.82  Stream  TCP      1000    8.82  60.125  99         
Trans/s    6090.57    168.20       105          719          144          262          375          61.98        9.73  Stream  TCP      1000    9.73  69.037  99         
Trans/s    6257.63    166.58       105          7573         132          272          376          115.35       9.04  Stream  TCP      1000    9.04  64.009  99         
Trans/s    6016.96    169.08       106          1553         162          247          366          58.41        10.06  Stream  TCP      1000    10.06  70.118  99         
Trans/s    6548.24    162.51       105          804          127          266          374          64.14        10.73  Stream  TCP      1000    10.73  74.493  99         
Trans/s    6361.96    165.32       107          1513         135          263          374          63.54        10.43  Stream  TCP      1000    10.43  72.706  99         
Trans/s    6314.94    166.89       104          680          144          263          371          62.28        9.73  Stream  TCP      1000    9.73  70.216  99         
Trans/s    5618.50    188.40       102          686          171          291          386          73.94        10.89  Stream  TCP      1000    10.89  87.338  99         
