MIGRATED TCP REQUEST/RESPONSE TEST from 0.0.0.0 (0.0.0.0) port 0 AF_INET to 10.69.0.3 (10.69.0) port 0 AF_INET : +/-2.500% @ 99% conf.  : nodelay : first burst 0
Throughput Throughput Mean         Minimum      Maximum      50th         90th         99th         Stddev       Local Socket  Protocol Request Local Local   Confidence 
Units                 Latency      Latency      Latency      Percentile   Percentile   Percentile   Latency      CPU   Type             Size    CPU   Service Level      
                      Microseconds Microseconds Microseconds Latency      Latency      Latency      Microseconds Util                   Bytes   Util  Demand  Percent    
                                                             Microseconds Microseconds Microseconds              %                              %                        
Trans/s    7380.50    140.70       90           620          114          223          362          58.56        8.96  Stream  TCP      500     8.96  53.295  99         
Trans/s    7436.75    140.20       88           1347         109          211          357          57.99        10.12  Stream  TCP      500     10.12  59.873  99         
Trans/s    7564.92    137.61       92           654          109          216          360          58.39        9.07  Stream  TCP      500     9.07  51.760  99         
Trans/s    7708.55    137.09       92           540          109          221          361          57.63        8.31  Stream  TCP      500     8.31  51.600  99         
Trans/s    6863.79    153.06       92           7332         122          275          363          99.46        12.92  Stream  TCP      500     12.92  78.185  99         
Trans/s    6967.67    154.40       91           668          119          271          366          69.06        10.34  Stream  TCP      500     10.34  68.413  99         
Trans/s    6975.11    145.22       93           622          138          193          310          46.75        10.40  Stream  TCP      500     10.40  62.955  99         
Trans/s    7315.03    145.35       91           647          116          226          354          57.54        9.86  Stream  TCP      500     9.86  64.450  99         
Trans/s    6485.24    156.08       93           672          156          206          352          48.46        10.96  Stream  TCP      500     10.96  70.603  99         
Trans/s    7304.38    140.96       87           600          112          227          360          59.71        9.54  Stream  TCP      500     9.54  55.908  99         
Trans/s    8128.33    123.58       94           411          111          168          241          32.71        7.50  Stream  TCP      500     7.50  38.086  99         
Trans/s    7204.22    142.02       93           635          115          210          355          55.76        11.10  Stream  TCP      500     11.10  63.195  99         
Trans/s    7961.04    127.96       89           3502         109          175          274          50.77        8.69  Stream  TCP      500     8.69  45.912  99         
Trans/s    7141.67    144.85       91           648          126          210          312          49.30        10.40  Stream  TCP      500     10.40  63.989  99         
Trans/s    6498.87    159.12       93           2107         151          235          364          62.04        11.19  Stream  TCP      500     11.19  74.119  99         
Trans/s    7574.23    137.09       90           649          110          198          358          56.20        8.04  Stream  TCP      500     8.04  46.731  99         
Trans/s    6564.56    153.47       88           8646         155          203          297          95.52        12.19  Stream  TCP      500     12.19  76.154  99         
Trans/s    7648.09    134.92       90           587          112          189          302          45.20        9.01  Stream  TCP      500     9.01  52.000  99         
Trans/s    7761.98    131.67       92           667          110          183          350          46.97        11.19  Stream  TCP      500     11.19  59.343  99         
Trans/s    6898.04    157.19       90           689          115          285          369          76.81        9.48  Stream  TCP      500     9.48  65.277  99         
Trans/s    7399.15    138.09       88           608          113          188          343          49.76        9.35  Stream  TCP      500     9.35  53.745  99         
Trans/s    8139.11    123.47       88           525          112          165          259          33.29        8.39  Stream  TCP      500     8.39  42.461  99         
Trans/s    6857.69    156.19       89           783          117          280          367          74.46        9.87  Stream  TCP      500     9.87  66.556  99         
Trans/s    7771.21    133.42       87           674          108          199          355          53.02        8.88  Stream  TCP      500     8.88  52.866  99         
Trans/s    7217.17    142.70       92           618          116          207          343          53.24        10.17  Stream  TCP      500     10.17  60.166  99         
Trans/s    7314.86    140.35       88           694          117          195          353          51.82        11.78  Stream  TCP      500     11.78  67.763  99         
Trans/s    7560.28    136.75       93           729          109          202          328          53.49        9.52  Stream  TCP      500     9.52  54.904  99         
Trans/s    6874.56    151.45       94           676          123          253          364          63.56        10.34  Stream  TCP      500     10.34  67.955  99         
Trans/s    6714.85    154.92       92           6920         126          268          358          95.37        11.49  Stream  TCP      500     11.49  74.450  99         
Trans/s    8085.69    124.42       91           608          112          172          235          32.69        8.45  Stream  TCP      500     8.45  42.838  99         
Trans/s    7012.80    143.83       92           622          143          189          280          40.06        10.11  Stream  TCP      500     10.11  60.003  99         
Trans/s    6962.63    145.74       91           575          128          215          327          50.38        9.64  Stream  TCP      500     9.64  58.574  99         
Trans/s    7418.74    137.39       90           750          136          175          271          37.49        11.38  Stream  TCP      500     11.38  62.931  99         
Trans/s    8260.98    124.63       90           442          108          166          298          41.30        8.39  Stream  TCP      500     8.39  44.137  99         
Trans/s    8702.20    115.60       85           652          107          161          214          28.12        7.02  Stream  TCP      500     7.02  33.303  99         
Trans/s    7440.17    139.10       92           671          113          191          356          52.72        9.43  Stream  TCP      500     9.43  55.784  99         
Trans/s    8127.55    125.92       88           659          108          169          294          39.67        8.35  Stream  TCP      500     8.35  43.684  99         
Trans/s    7161.04    143.43       88           1420         129          195          336          52.08        9.84  Stream  TCP      500     9.84  59.172  99         
Trans/s    7123.39    158.10       91           678          109          290          366          81.50        9.74  Stream  TCP      500     9.74  71.077  99         
Trans/s    8868.72    112.65       92           420          107          131          210          23.25        9.15  Stream  TCP      500     9.15  41.256  99         
Trans/s    9212.04    108.29       92           376          105          121          201          19.33        6.98  Stream  TCP      500     6.98  30.384  99         
Trans/s    8916.18    111.98       87           571          106          131          205          23.02        6.61  Stream  TCP      500     6.61  29.643  99         
Trans/s    8680.28    118.52       88           541          106          165          287          39.45        6.17  Stream  TCP      500     6.17  31.729  99         
Trans/s    7043.22    152.47       90           7274         111          276          367          103.45       9.92  Stream  TCP      500     9.92  65.399  99         
Trans/s    7455.17    143.51       87           632          111          243          363          62.47        9.49  Stream  TCP      500     9.49  59.357  99         
Trans/s    8823.34    113.24       89           378          106          141          209          23.15        6.87  Stream  TCP      500     6.87  31.185  99         
Trans/s    7289.96    142.37       91           610          113          222          356          56.19        9.61  Stream  TCP      500     9.61  57.783  99         
Trans/s    8191.23    122.81       90           733          111          170          219          30.96        9.99  Stream  TCP      500     9.99  50.028  99         
Trans/s    7519.30    135.45       92           801          117          191          297          44.20        9.98  Stream  TCP      500     9.98  55.440  99         
Trans/s    6972.83    149.48       89           441          124          238          358          60.42        9.89  Stream  TCP      500     9.89  62.206  99         
Trans/s    7524.20    139.75       92           892          108          239          355          61.82        9.04  Stream  TCP      500     9.04  54.149  99         
Trans/s    7880.80    127.57       88           462          112          173          242          33.47        9.07  Stream  TCP      500     9.07  46.836  99         
Trans/s    7902.61    128.16       90           653          111          173          272          37.29        8.95  Stream  TCP      500     8.95  46.893  99         
Trans/s    8012.39    127.14       89           2442         108          178          318          51.04        7.27  Stream  TCP      500     7.27  37.942  99         
Trans/s    6864.67    153.25       97           688          136          245          358          61.02        13.33  Stream  TCP      500     13.33  81.904  99         
Trans/s    7769.26    133.45       95           4024         109          189          353          64.24        8.64  Stream  TCP      500     8.64  49.580  99         
Trans/s    6698.03    150.80       93           616          145          199          325          46.73        11.18  Stream  TCP      500     11.18  68.309  99         
Trans/s    7355.45    138.10       91           552          119          194          291          43.81        9.73  Stream  TCP      500     9.73  55.223  99         
Trans/s    7479.20    140.54       88           689          113          211          358          57.48        8.64  Stream  TCP      500     8.64  53.010  99         
Trans/s    7456.97    142.83       88           662          109          252          366          64.38        9.81  Stream  TCP      500     9.81  61.882  99         
Trans/s    6925.11    153.08       91           1507         139          250          357          62.05        10.51  Stream  TCP      500     10.51  70.062  99         
Trans/s    7297.77    140.05       88           2080         117          203          357          56.43        10.34  Stream  TCP      500     10.34  59.729  99         
Trans/s    8532.72    118.94       91           424          107          154          252          31.50        7.88  Stream  TCP      500     7.88  38.725  99         
Trans/s    8013.90    127.48       93           655          109          168          274          36.48        10.02  Stream  TCP      500     10.02  54.427  99         
Trans/s    7096.29    147.40       92           720          114          248          364          61.69        9.91  Stream  TCP      500     9.91  63.247  99         
Trans/s    7633.38    132.07       87           641          109          178          297          44.23        9.40  Stream  TCP      500     9.40  50.637  99         
Trans/s    6942.93    146.93       93           642          133          212          351          53.07        10.28  Stream  TCP      500     10.28  62.013  99         
Trans/s    6655.40    152.64       90           4412         153          213          360          69.84        11.84  Stream  TCP      500     11.84  73.297  99         
Trans/s    8028.39    128.96       92           636          110          186          315          46.17        7.85  Stream  TCP      500     7.85  44.147  99         
Trans/s    7652.87    133.85       95           590          112          184          332          46.10        11.61  Stream  TCP      500     11.61  62.927  99         
Trans/s    8103.34    128.39       90           666          108          183          351          49.84        7.54  Stream  TCP      500     7.54  40.877  99         
Trans/s    7058.73    144.84       94           3362         135          193          354          58.41        10.48  Stream  TCP      500     10.48  62.885  99         
Trans/s    7238.23    142.10       93           3489         117          198          354          65.14        9.76  Stream  TCP      500     9.76  58.861  99         
Trans/s    6516.25    162.88       86           1434         142          272          366          71.49        11.09  Stream  TCP      500     11.09  76.805  99         
Trans/s    7637.26    134.41       93           440          111          187          304          45.01        9.45  Stream  TCP      500     9.45  53.599  99         
Trans/s    7465.51    136.58       90           493          119          189          290          41.64        9.45  Stream  TCP      500     9.45  53.787  99         
Trans/s    8589.11    116.42       90           526          108          143          214          24.96        9.83  Stream  TCP      500     9.83  45.890  99         
Trans/s    7248.33    145.47       92           1720         117          231          362          62.01        9.45  Stream  TCP      500     9.45  58.021  99         
Trans/s    7676.48    131.15       89           624          113          172          308          41.41        8.85  Stream  TCP      500     8.85  47.817  99         
Trans/s    7884.21    131.35       89           814          108          196          352          53.43        8.41  Stream  TCP      500     8.41  46.796  99         
Trans/s    6658.44    151.42       89           6813         144          221          291          80.39        11.49  Stream  TCP      500     11.49  70.992  99         
Trans/s    7019.49    144.75       89           549          136          193          301          42.28        10.07  Stream  TCP      500     10.07  61.027  99         
Trans/s    6740.77    152.19       91           560          150          225          355          56.67        10.13  Stream  TCP      500     10.13  64.248  99         
Trans/s    8414.49    118.94       93           443          109          145          227          26.10        10.80  Stream  TCP      500     10.80  51.745  99         
Trans/s    8201.42    130.06       92           571          108          189          356          53.62        7.59  Stream  TCP      500     7.59  45.237  99         
Trans/s    7842.31    130.56       89           631          112          182          319          45.76        8.38  Stream  TCP      500     8.38  45.758  99         
Trans/s    8286.46    121.27       93           6318         108          168          221          68.30        7.46  Stream  TCP      500     7.46  36.910  99         
Trans/s    7123.48    143.83       91           596          119          230          349          55.21        9.20  Stream  TCP      500     9.20  54.937  99         
Trans/s    7387.62    139.82       89           660          110          207          361          57.94        9.83  Stream  TCP      500     9.83  58.812  99         
Trans/s    7630.74    135.30       87           570          109          207          349          55.12        9.08  Stream  TCP      500     9.08  51.189  99         
Trans/s    7688.88    131.35       89           582          114          179          272          38.58        8.21  Stream  TCP      500     8.21  44.720  99         
Trans/s    7670.58    132.78       90           720          109          189          360          51.36        10.62  Stream  TCP      500     10.62  57.298  99         
Trans/s    8479.69    118.93       86           1153         108          161          265          33.68        8.11  Stream  TCP      500     8.11  40.526  99         
Trans/s    6911.40    150.35       86           709          137          239          363          59.26        10.54  Stream  TCP      500     10.54  67.629  99         
Trans/s    7961.95    130.96       85           536          110          184          308          45.50        9.24  Stream  TCP      500     9.24  52.477  99         
Trans/s    7711.12    136.28       86           659          109          211          356          57.69        8.07  Stream  TCP      500     8.07  48.152  99         
Trans/s    8013.70    126.99       86           633          109          174          272          37.77        9.01  Stream  TCP      500     9.01  47.715  99         
Trans/s    7631.19    133.38       85           606          115          178          285          39.43        8.64  Stream  TCP      500     8.64  48.366  99         
Trans/s    7540.92    137.50       86           605          110          203          359          54.94        10.95  Stream  TCP      500     10.95  63.783  99         
Trans/s    8144.99    123.75       86           453          116          163          238          29.27        7.01  Stream  TCP      500     7.01  35.288  99         
