MIGRATED TCP REQUEST/RESPONSE TEST from 0.0.0.0 (0.0.0.0) port 0 AF_INET to 10.69.0.3 (10.69.0) port 0 AF_INET : +/-2.500% @ 99% conf.  : nodelay : first burst 0
Throughput Throughput Mean         Minimum      Maximum      50th         90th         99th         Stddev       Local Socket  Protocol Request Local Local   Confidence 
Units                 Latency      Latency      Latency      Percentile   Percentile   Percentile   Latency      CPU   Type             Size    CPU   Service Level      
                      Microseconds Microseconds Microseconds Latency      Latency      Latency      Microseconds Util                   Bytes   Util  Demand  Percent    
                                                             Microseconds Microseconds Microseconds              %                              %                        
Trans/s    5719.21    175.12       128          499          171          212          295          29.63        9.70  Stream  TCP      1500    9.70  68.886  99         
Trans/s    5448.12    187.32       127          1671         173          248          375          52.09        10.77  Stream  TCP      1500    10.77  84.922  99         
Trans/s    5862.77    173.39       128          692          159          204          365          43.36        11.91  Stream  TCP      1500    11.91  83.104  99         
Trans/s    4770.91    218.53       135          681          196          326          374          68.08        13.12  Stream  TCP      1500    13.12  122.553  99         
Trans/s    5488.61    183.23       128          550          179          229          278          31.78        10.54  Stream  TCP      1500    10.54  78.277  99         
Trans/s    4867.63    212.97       133          2308         193          322          376          69.82        11.99  Stream  TCP      1500    11.99  108.894  99         
Trans/s    5852.74    170.88       131          411          167          204          235          23.49        8.31  Stream  TCP      1500    8.31  56.767  99         
Trans/s    5741.94    176.55       127          623          162          226          327          40.12        12.51  Stream  TCP      1500    12.51  89.027  99         
Trans/s    4895.10    209.79       138          733          192          308          378          60.03        13.05  Stream  TCP      1500    13.05  113.876  99         
Trans/s    5472.26    184.22       126          731          175          231          322          38.49        9.78  Stream  TCP      1500    9.78  73.802  99         
Trans/s    5567.95    180.81       128          563          176          221          286          32.77        10.40  Stream  TCP      1500    10.40  77.197  99         
Trans/s    5434.95    184.58       125          470          177          228          305          35.87        10.50  Stream  TCP      1500    10.50  78.380  99         
Trans/s    4926.26    207.43       124          4084         197          292          373          68.47        12.55  Stream  TCP      1500    12.55  109.246  99         
Trans/s    5803.88    172.58       130          3727         163          210          301          46.28        10.57  Stream  TCP      1500    10.57  72.539  99         
Trans/s    4926.47    204.75       133          6986         194          277          335          83.38        12.63  Stream  TCP      1500    12.63  104.509  99         
Trans/s    5205.60    196.57       130          697          182          272          356          50.37        11.01  Stream  TCP      1500    11.01  91.604  99         
Trans/s    5620.86    179.16       125          916          168          226          327          39.78        10.05  Stream  TCP      1500    10.05  73.124  99         
Trans/s    4838.60    209.59       130          691          205          280          360          53.07        14.44  Stream  TCP      1500    14.44  125.077  99         
Trans/s    5910.55    169.31       125          572          164          203          240          24.84        10.81  Stream  TCP      1500    10.81  73.558  99         
Trans/s    5261.28    195.03       123          720          177          279          375          55.79        10.68  Stream  TCP      1500    10.68  89.389  99         
Trans/s    4851.34    214.05       125          718          194          321          379          65.68        12.68  Stream  TCP      1500    12.68  115.484  99         
Trans/s    5463.86    185.21       124          618          173          243          358          47.01        10.90  Stream  TCP      1500    10.90  83.939  99         
Trans/s    5123.34    201.46       125          737          180          308          373          60.40        11.65  Stream  TCP      1500    11.65  99.813  99         
Trans/s    5744.34    174.73       127          910          166          214          297          32.99        11.53  Stream  TCP      1500    11.53  80.229  99         
Trans/s    5342.53    190.06       128          892          178          258          329          46.40        10.51  Stream  TCP      1500    10.51  83.334  99         
Trans/s    5312.50    190.31       129          547          179          260          345          46.08        11.35  Stream  TCP      1500    11.35  89.586  99         
Trans/s    4878.15    207.75       124          696          195          302          365          57.39        12.78  Stream  TCP      1500    12.78  110.688  99         
Trans/s    5053.10    202.39       130          734          196          273          343          51.52        12.80  Stream  TCP      1500    12.80  107.256  99         
Trans/s    5166.87    197.21       126          1180         181          282          368          54.59        13.39  Stream  TCP      1500    13.39  108.270  99         
Trans/s    4934.46    205.41       129          667          194          269          374          50.65        12.83  Stream  TCP      1500    12.83  108.692  99         
Trans/s    5485.45    186.35       135          733          170          255          348          47.89        11.13  Stream  TCP      1500    11.13  85.862  99         
Trans/s    5114.48    202.35       128          766          182          304          373          59.98        12.64  Stream  TCP      1500    12.64  107.518  99         
Trans/s    5355.44    190.08       136          6905         171          271          357          86.47        10.88  Stream  TCP      1500    10.88  86.401  99         
Trans/s    5527.44    181.70       129          3801         169          230          313          52.35        11.59  Stream  TCP      1500    11.59  84.756  99         
Trans/s    5046.70    203.13       129          720          185          296          369          57.97        12.11  Stream  TCP      1500    12.11  103.848  99         
Trans/s    5624.30    178.91       129          598          169          222          321          35.72        9.95  Stream  TCP      1500    9.95  73.330  99         
Trans/s    5005.99    205.02       126          645          193          300          352          55.26        12.32  Stream  TCP      1500    12.32  105.669  99         
Trans/s    5488.63    183.54       125          641          175          226          335          38.87        9.84  Stream  TCP      1500    9.84  73.768  99         
Trans/s    5638.75    177.94       127          663          167          218          331          36.84        9.98  Stream  TCP      1500    9.98  72.104  99         
Trans/s    5868.86    171.01       132          4102         163          204          322          50.15        10.89  Stream  TCP      1500    10.89  75.402  99         
Trans/s    5135.24    198.42       132          658          183          289          365          54.03        12.16  Stream  TCP      1500    12.16  99.533  99         
Trans/s    4965.79    206.63       129          647          191          302          372          59.77        13.38  Stream  TCP      1500    13.38  118.406  99         
Trans/s    4874.10    207.85       128          691          197          287          360          54.57        13.02  Stream  TCP      1500    13.02  111.538  99         
Trans/s    5543.30    180.96       127          541          175          218          275          29.23        10.15  Stream  TCP      1500    10.15  73.714  99         
Trans/s    5676.67    176.24       127          533          171          216          257          27.91        11.33  Stream  TCP      1500    11.33  80.350  99         
Trans/s    5071.27    198.19       126          520          194          257          305          40.33        12.43  Stream  TCP      1500    12.43  100.232  99         
Trans/s    5815.90    172.17       129          593          163          211          255          27.46        8.93  Stream  TCP      1500    8.93  62.743  99         
Trans/s    5579.22    182.04       125          1083         167          236          340          46.09        9.73  Stream  TCP      1500    9.73  72.657  99         
Trans/s    4674.70    219.10       129          667          209          317          379          60.46        13.46  Stream  TCP      1500    13.46  122.552  99         
Trans/s    5763.76    174.09       133          1157         166          212          289          32.33        10.61  Stream  TCP      1500    10.61  74.598  99         
Trans/s    5281.19    194.28       132          640          177          275          369          53.32        11.38  Stream  TCP      1500    11.38  93.695  99         
Trans/s    5543.27    182.18       128          9089         171          229          311          96.46        10.48  Stream  TCP      1500    10.48  78.563  99         
Trans/s    5542.60    180.97       129          482          177          217          292          30.18        10.18  Stream  TCP      1500    10.18  74.242  99         
Trans/s    5468.06    185.39       128          7975         175          233          344          87.53        10.18  Stream  TCP      1500    10.18  78.115  99         
Trans/s    5652.86    179.90       127          545          164          229          339          43.56        10.12  Stream  TCP      1500    10.12  76.025  99         
Trans/s    5564.89    183.03       125          2605         169          235          368          52.65        12.00  Stream  TCP      1500    12.00  89.742  99         
Trans/s    5134.36    196.19       129          669          190          256          342          46.47        11.44  Stream  TCP      1500    11.44  91.127  99         
Trans/s    5106.88    199.17       133          6059         180          286          366          83.71        11.07  Stream  TCP      1500    11.07  92.386  99         
Trans/s    5687.52    176.97       125          458          169          217          308          32.92        9.43  Stream  TCP      1500    9.43  68.003  99         
Trans/s    5360.93    191.15       127          686          178          255          360          49.20        10.35  Stream  TCP      1500    10.35  82.825  99         
Trans/s    5691.21    175.76       132          3170         171          212          262          42.58        10.37  Stream  TCP      1500    10.37  73.673  99         
Trans/s    5127.90    195.99       128          553          188          252          319          41.07        11.94  Stream  TCP      1500    11.94  95.459  99         
Trans/s    5892.47    169.69       128          631          161          205          274          27.66        8.84  Stream  TCP      1500    8.84  60.158  99         
Trans/s    5439.11    188.92       131          683          173          259          363          51.63        10.81  Stream  TCP      1500    10.81  86.085  99         
Trans/s    5650.20    179.54       128          2528         167          226          322          46.45        9.58  Stream  TCP      1500    9.58  70.992  99         
Trans/s    5531.89    182.01       127          563          169          234          323          41.34        11.37  Stream  TCP      1500    11.37  84.559  99         
Trans/s    4669.20    217.56       134          631          207          305          372          57.08        14.19  Stream  TCP      1500    14.19  127.166  99         
Trans/s    5131.70    197.55       126          588          184          258          367          47.80        11.99  Stream  TCP      1500    11.99  98.287  99         
Trans/s    5504.51    183.23       126          686          173          232          348          42.50        10.61  Stream  TCP      1500    10.61  80.378  99         
Trans/s    5087.29    197.76       135          648          189          252          350          43.17        11.79  Stream  TCP      1500    11.79  94.985  99         
Trans/s    5473.49    184.53       126          559          174          233          335          43.18        10.50  Stream  TCP      1500    10.50  79.468  99         
Trans/s    5264.13    195.86       127          601          175          293          370          58.63        12.36  Stream  TCP      1500    12.36  101.595  99         
Trans/s    5243.94    195.04       129          656          177          283          360          55.38        11.61  Stream  TCP      1500    11.61  93.772  99         
Trans/s    5149.75    196.92       129          2946         182          267          358          64.60        11.94  Stream  TCP      1500    11.94  97.291  99         
Trans/s    5007.51    203.25       124          3608         191          291          380          66.04        12.58  Stream  TCP      1500    12.58  104.526  99         
Trans/s    5267.34    196.78       133          643          175          302          368          60.24        10.69  Stream  TCP      1500    10.69  92.125  99         
Trans/s    5615.90    179.47       129          761          173          223          300          35.41        11.44  Stream  TCP      1500    11.44  82.965  99         
Trans/s    5226.62    195.23       124          681          178          281          366          55.87        11.79  Stream  TCP      1500    11.79  95.996  99         
Trans/s    4864.70    207.29       127          1803         195          282          366          55.70        13.01  Stream  TCP      1500    13.01  109.713  99         
Trans/s    5545.18    183.21       124          796          171          242          323          44.51        10.22  Stream  TCP      1500    10.22  77.941  99         
Trans/s    5695.43    175.50       129          525          172          209          239          24.42        8.62  Stream  TCP      1500    8.62  60.599  99         
Trans/s    6029.73    165.80       128          415          159          199          232          22.31        10.22  Stream  TCP      1500    10.22  67.110  99         
Trans/s    5378.95    187.05       127          592          179          228          334          38.28        10.83  Stream  TCP      1500    10.83  83.038  99         
Trans/s    4572.87    221.99       127          700          210          322          371          61.48        13.73  Stream  TCP      1500    13.73  126.454  99         
Trans/s    5022.37    199.91       137          578          191          258          352          46.93        11.89  Stream  TCP      1500    11.89  96.688  99         
Trans/s    5371.86    190.92       131          572          173          262          367          51.99        11.08  Stream  TCP      1500    11.08  89.476  99         
Trans/s    5943.86    168.04       129          2078         160          202          229          29.90        10.05  Stream  TCP      1500    10.05  67.612  99         
Trans/s    6093.46    163.94       130          1686         156          196          227          27.17        8.15  Stream  TCP      1500    8.15  53.604  99         
Trans/s    5450.26    185.74       128          7016         172          237          342          83.08        11.09  Stream  TCP      1500    11.09  85.069  99         
Trans/s    4876.45    207.40       127          987          197          296          346          54.47        13.34  Stream  TCP      1500    13.34  113.474  99         
Trans/s    5347.83    188.65       136          527          181          234          304          35.76        11.49  Stream  TCP      1500    11.49  88.700  99         
Trans/s    5744.94    174.12       127          843          165          211          288          31.02        9.95  Stream  TCP      1500    9.95  69.828  99         
Trans/s    4781.69    222.27       131          657          196          310          376          67.92        11.46  Stream  TCP      1500    11.46  96.598  99         
Trans/s    3263.53    306.86       135          6724         289          408          466          91.06        11.54  Stream  TCP      1500    11.54  143.313  99         
Trans/s    3927.98    263.98       129          698          277          326          438          64.22        9.79  Stream  TCP      1500    9.79  102.923  99         
Trans/s    5006.77    202.22       127          695          187          273          361          51.94        12.94  Stream  TCP      1500    12.94  107.317  99         
Trans/s    5660.30    176.49       128          8447         170          210          254          87.13        11.31  Stream  TCP      1500    11.31  79.968  99         
Trans/s    5575.73    179.56       122          563          172          221          295          32.62        10.42  Stream  TCP      1500    10.42  75.669  99         
Trans/s    5088.89    203.29       138          900          183          304          381          60.65        12.25  Stream  TCP      1500    12.25  104.743  99         
Trans/s    5199.21    195.79       131          584          184          275          344          49.64        10.77  Stream  TCP      1500    10.77  87.716  99         
