MIGRATED TCP REQUEST/RESPONSE TEST from 0.0.0.0 (0.0.0.0) port 0 AF_INET to 10.69.0.3 (10.69.0) port 0 AF_INET : +/-2.500% @ 99% conf.  : nodelay : first burst 0
Throughput Throughput Mean         Minimum      Maximum      50th         90th         99th         Stddev       Local Socket  Protocol Request Local Local   Confidence 
Units                 Latency      Latency      Latency      Percentile   Percentile   Percentile   Latency      CPU   Type             Size    CPU   Service Level      
                      Microseconds Microseconds Microseconds Latency      Latency      Latency      Microseconds Util                   Bytes   Util  Demand  Percent    
                                                             Microseconds Microseconds Microseconds              %                              %                        
Trans/s    9070.70    115.11       74           1671         92           170          342          51.75        9.21  Stream  TCP      1       9.21  45.502  99         
Trans/s    9701.78    104.57       74           437          93           146          200          27.42        8.47  Stream  TCP      1       8.47  38.179  99         
Trans/s    8850.60    115.81       75           562          98           158          295          40.75        10.22  Stream  TCP      1       10.22  49.701  99         
Trans/s    8694.01    122.25       72           578          99           181          352          54.44        10.50  Stream  TCP      1       10.50  56.017  99         
Trans/s    9873.77    102.14       74           425          90           135          208          25.38        7.21  Stream  TCP      1       7.21  30.540  99         
Trans/s    9750.60    106.75       79           501          89           147          305          41.72        9.48  Stream  TCP      1       9.48  43.752  99         
Trans/s    8682.78    117.54       80           636          111          151          233          32.98        13.14  Stream  TCP      1       13.14  62.891  99         
Trans/s    8295.69    126.44       80           633          100          185          310          50.49        11.45  Stream  TCP      1       11.45  61.940  99         
Trans/s    9021.75    113.09       82           650          95           156          253          37.77        8.86  Stream  TCP      1       8.86  42.088  99         
Trans/s    9539.11    105.12       76           578          94           141          227          29.33        8.54  Stream  TCP      1       8.54  36.721  99         
Trans/s    9907.43    102.41       75           1570         89           130          232          32.87        8.61  Stream  TCP      1       8.61  36.479  99         
Trans/s    8571.70    119.95       74           541          97           179          268          43.97        10.13  Stream  TCP      1       10.13  52.478  99         
Trans/s    8656.05    119.85       73           6847         95           165          322          89.43        10.97  Stream  TCP      1       10.97  55.379  99         
Trans/s    9819.97    103.68       73           531          89           146          270          34.49        8.53  Stream  TCP      1       8.53  36.913  99         
Trans/s    8289.50    125.23       80           640          105          165          342          47.40        11.36  Stream  TCP      1       11.36  60.409  99         
Trans/s    9369.24    110.86       79           619          90           157          328          47.17        13.61  Stream  TCP      1       13.61  62.691  99         
Trans/s    8834.43    120.84       75           655          93           187          347          59.09        9.73  Stream  TCP      1       9.73  51.689  99         
Trans/s    9438.88    111.59       74           662          93           154          310          43.86        8.93  Stream  TCP      1       8.93  44.871  99         
Trans/s    8614.97    119.35       77           550          94           166          311          46.65        11.04  Stream  TCP      1       11.04  55.363  99         
Trans/s    9404.81    109.92       73           557          93           155          298          41.83        9.29  Stream  TCP      1       9.29  44.172  99         
Trans/s    8780.75    116.32       74           656          95           155          279          40.03        11.21  Stream  TCP      1       11.21  55.464  99         
Trans/s    9678.06    104.84       74           446          91           145          278          36.40        9.13  Stream  TCP      1       9.13  39.361  99         
Trans/s    9380.23    114.60       80           913          93           159          345          52.49        8.68  Stream  TCP      1       8.68  43.657  99         
Trans/s    10383.63   96.24        75           370          89           114          184          18.00        6.13  Stream  TCP      1       6.13  24.118  99         
Trans/s    10136.52   98.73        79           365          92           118          195          21.23        10.54  Stream  TCP      1       10.54  41.108  99         
Trans/s    9283.28    112.37       81           638          91           161          336          48.85        9.64  Stream  TCP      1       9.64  47.182  99         
Trans/s    10016.97   99.88        75           405          94           118          181          18.59        7.75  Stream  TCP      1       7.75  31.124  99         
Trans/s    9399.66    107.34       73           849          97           145          218          28.83        9.23  Stream  TCP      1       9.23  40.227  99         
Trans/s    9165.76    116.25       77           535          90           167          349          52.22        9.86  Stream  TCP      1       9.86  50.624  99         
Trans/s    8135.48    127.34       80           613          102          197          326          54.78        11.03  Stream  TCP      1       11.03  59.201  99         
Trans/s    8895.98    116.79       76           489          96           167          288          43.62        10.16  Stream  TCP      1       10.16  51.929  99         
Trans/s    9871.84    102.91       78           427          92           144          197          26.41        8.45  Stream  TCP      1       8.45  37.236  99         
Trans/s    9357.56    113.24       81           618          89           164          348          54.67        9.17  Stream  TCP      1       9.17  45.341  99         
Trans/s    9650.12    108.00       79           904          89           144          342          47.76        10.00  Stream  TCP      1       10.00  45.527  99         
Trans/s    9556.48    106.32       75           577          92           141          249          32.83        9.61  Stream  TCP      1       9.61  42.463  99         
Trans/s    9044.65    112.36       75           520          94           155          275          40.44        9.84  Stream  TCP      1       9.84  46.043  99         
Trans/s    8814.68    115.47       79           635          95           156          295          40.50        10.10  Stream  TCP      1       10.10  47.881  99         
Trans/s    8132.79    128.97       76           543          108          184          326          49.49        12.49  Stream  TCP      1       12.49  68.094  99         
Trans/s    9632.02    105.42       74           494          89           146          267          33.55        8.78  Stream  TCP      1       8.78  38.784  99         
Trans/s    8917.90    114.75       76           571          96           160          293          42.12        8.38  Stream  TCP      1       8.38  41.628  99         
Trans/s    9588.11    107.12       73           364          94           146          242          34.27        9.21  Stream  TCP      1       9.21  40.957  99         
Trans/s    9643.77    107.53       76           631          93           146          330          42.72        9.87  Stream  TCP      1       9.87  46.009  99         
Trans/s    9040.42    114.17       78           655          93           156          351          49.42        12.06  Stream  TCP      1       12.06  56.810  99         
Trans/s    9883.11    103.06       76           592          90           142          242          32.68        9.16  Stream  TCP      1       9.16  39.404  99         
Trans/s    8401.09    122.06       77           584          107          169          271          42.19        10.35  Stream  TCP      1       10.35  52.828  99         
Trans/s    8544.28    120.61       79           8435         94           165          310          96.51        11.27  Stream  TCP      1       11.27  57.469  99         
Trans/s    10035.01   99.39        81           493          92           119          192          22.02        7.37  Stream  TCP      1       7.37  29.479  99         
Trans/s    9442.85    105.83       76           443          101          128          194          23.92        8.22  Stream  TCP      1       8.22  35.443  99         
Trans/s    8228.76    128.44       74           539          102          207          353          58.72        10.72  Stream  TCP      1       10.72  58.395  99         
Trans/s    10070.10   100.19       75           545          89           129          199          26.41        7.98  Stream  TCP      1       7.98  33.140  99         
Trans/s    9786.49    103.32       78           646          94           142          208          26.12        8.91  Stream  TCP      1       8.91  38.059  99         
Trans/s    9557.96    107.79       79           649          93           146          298          40.42        16.41  Stream  TCP      1       16.41  70.234  99         
Trans/s    10443.96   95.72        81           417          92           112          129          12.28        31.42  Stream  TCP      1       31.42  120.762  99         
Trans/s    9630.76    107.57       80           9065         93           145          331          98.49        21.37  Stream  TCP      1       21.37  89.449  99         
Trans/s    10296.33   98.07        73           386          89           130          180          21.14        8.37  Stream  TCP      1       8.37  33.948  99         
Trans/s    10489.17   95.12        75           591          89           111          177          17.40        7.09  Stream  TCP      1       7.09  27.197  99         
Trans/s    10446.51   95.61        76           463          88           114          187          19.16        6.79  Stream  TCP      1       6.79  26.096  99         
Trans/s    9206.06    109.22       73           563          95           146          230          30.26        10.07  Stream  TCP      1       10.07  45.033  99         
Trans/s    8863.16    118.11       74           527          95           186          291          46.70        10.34  Stream  TCP      1       10.34  52.704  99         
Trans/s    9851.30    101.47       77           397          94           122          216          26.72        7.95  Stream  TCP      1       7.95  32.838  99         
Trans/s    7902.84    134.49       80           545          113          211          353          59.65        11.03  Stream  TCP      1       11.03  64.981  99         
Trans/s    9371.84    110.84       80           590          90           156          332          45.50        9.71  Stream  TCP      1       9.71  45.349  99         
Trans/s    10084.25   100.25       75           456          89           119          257          30.57        9.78  Stream  TCP      1       9.78  40.054  99         
Trans/s    9708.02    105.73       74           606          89           144          288          38.45        9.45  Stream  TCP      1       9.45  41.768  99         
Trans/s    8788.30    116.52       73           533          94           167          263          41.13        9.87  Stream  TCP      1       9.87  47.529  99         
Trans/s    9735.64    104.18       74           551          92           145          224          30.40        8.09  Stream  TCP      1       8.09  35.110  99         
Trans/s    10143.34   98.95        74           493          90           119          199          22.75        7.51  Stream  TCP      1       7.51  29.649  99         
Trans/s    9931.32    101.70       76           549          88           137          236          31.27        8.26  Stream  TCP      1       8.26  34.902  99         
Trans/s    8801.69    120.67       75           505          95           170          329          52.73        10.12  Stream  TCP      1       10.12  51.127  99         
Trans/s    8895.69    116.40       76           689          94           172          338          52.12        10.78  Stream  TCP      1       10.78  52.496  99         
Trans/s    8626.07    120.03       79           590          97           166          311          45.66        10.85  Stream  TCP      1       10.85  54.895  99         
Trans/s    10392.04   96.19        71           521          88           112          195          23.06        10.61  Stream  TCP      1       10.61  41.764  99         
Trans/s    9657.22    107.70       73           626          89           152          304          42.27        9.58  Stream  TCP      1       9.58  44.096  99         
Trans/s    8923.49    114.48       76           3722         96           164          271          53.50        11.17  Stream  TCP      1       11.17  52.496  99         
Trans/s    10254.03   98.23        72           567          88           112          268          31.39        7.86  Stream  TCP      1       7.86  31.733  99         
Trans/s    9610.55    104.32       76           4201         91           134          230          50.12        8.74  Stream  TCP      1       8.74  37.313  99         
Trans/s    10131.95   100.60       73           857          90           140          220          28.46        9.72  Stream  TCP      1       9.72  40.490  99         
Trans/s    10103.13   101.00       73           426          92           133          221          26.06        8.72  Stream  TCP      1       8.72  37.565  99         
Trans/s    9105.57    115.10       76           638          95           169          290          44.72        10.09  Stream  TCP      1       10.09  51.942  99         
Trans/s    7938.33    130.47       79           612          133          179          276          43.82        13.08  Stream  TCP      1       13.08  70.382  99         
Trans/s    10112.78   101.89       79           404          89           134          303          38.79        7.11  Stream  TCP      1       7.11  31.542  99         
Trans/s    9951.27    101.68       73           465          90           128          230          27.63        11.80  Stream  TCP      1       11.80  49.806  99         
Trans/s    9701.37    105.20       78           1347         88           148          206          33.17        9.67  Stream  TCP      1       9.67  43.991  99         
Trans/s    8536.94    120.82       79           646          107          157          282          39.38        11.41  Stream  TCP      1       11.41  59.283  99         
Trans/s    8518.98    118.38       78           457          108          152          188          29.57        10.34  Stream  TCP      1       10.34  50.059  99         
Trans/s    9499.19    109.02       74           536          93           153          307          41.98        8.68  Stream  TCP      1       8.68  40.659  99         
Trans/s    8382.76    125.14       80           469          104          183          345          50.98        11.14  Stream  TCP      1       11.14  59.706  99         
Trans/s    8907.62    115.99       74           649          96           165          325          45.44        10.24  Stream  TCP      1       10.24  49.861  99         
Trans/s    8901.38    116.98       76           584          97           179          274          43.94        8.99  Stream  TCP      1       8.99  44.932  99         
Trans/s    9079.20    115.42       72           467          94           178          340          51.02        10.83  Stream  TCP      1       10.83  53.526  99         
Trans/s    8360.25    123.00       73           667          97           172          325          49.06        10.28  Stream  TCP      1       10.28  52.715  99         
Trans/s    9632.87    105.22       81           453          93           146          220          29.50        9.03  Stream  TCP      1       9.03  39.599  99         
Trans/s    9365.42    111.46       72           1212         94           158          308          44.08        9.45  Stream  TCP      1       9.45  47.245  99         
Trans/s    8309.27    123.63       74           613          109          168          340          46.41        10.48  Stream  TCP      1       10.48  53.951  99         
Trans/s    9204.65    111.76       78           543          93           157          265          39.73        10.73  Stream  TCP      1       10.73  50.246  99         
Trans/s    10180.15   98.33        75           494          94           115          177          20.18        8.70  Stream  TCP      1       8.70  34.881  99         
Trans/s    9421.68    108.36       78           570          93           148          280          37.73        8.42  Stream  TCP      1       8.42  37.950  99         
Trans/s    8589.65    121.42       72           639          98           173          352          53.03        11.25  Stream  TCP      1       11.25  56.740  99         
Trans/s    9666.36    104.90       73           565          93           129          246          30.04        12.16  Stream  TCP      1       12.16  50.746  99         
Trans/s    10685.63   93.41        75           2557         88           105          179          32.11        6.56  Stream  TCP      1       6.56  24.416  99         
