MIGRATED TCP REQUEST/RESPONSE TEST from 0.0.0.0 (0.0.0.0) port 0 AF_INET to 10.69.0.3 (10.69.0) port 0 AF_INET : +/-2.500% @ 99% conf.  : nodelay : first burst 0
Throughput Throughput Mean         Minimum      Maximum      50th         90th         99th         Stddev       Local Socket  Protocol Request Local Local   Confidence 
Units                 Latency      Latency      Latency      Percentile   Percentile   Percentile   Latency      CPU   Type             Size    CPU   Service Level      
                      Microseconds Microseconds Microseconds Latency      Latency      Latency      Microseconds Util                   Bytes   Util  Demand  Percent    
                                                             Microseconds Microseconds Microseconds              %                              %                        
Trans/s    10006.58   100.23       80           332          93           122          192          21.31        8.08  Stream  TCP      1       8.08  33.023  99         
Trans/s    9250.05    111.13       75           553          95           155          285          39.53        10.56  Stream  TCP      1       10.56  49.657  99         
Trans/s    9594.13    106.62       77           601          93           148          234          32.37        9.02  Stream  TCP      1       9.02  40.886  99         
Trans/s    10033.68   100.50       75           453          92           139          209          25.97        7.09  Stream  TCP      1       7.09  29.162  99         
Trans/s    8454.80    129.77       78           703          95           226          352          64.32        9.76  Stream  TCP      1       9.76  57.727  99         
Trans/s    8753.79    115.36       82           489          95           157          279          39.15        10.40  Stream  TCP      1       10.40  49.593  99         
Trans/s    8043.11    129.64       74           699          106          181          357          55.83        12.07  Stream  TCP      1       12.07  66.261  99         
Trans/s    9777.52    103.85       75           648          93           143          221          29.21        11.36  Stream  TCP      1       11.36  49.217  99         
Trans/s    8612.03    121.54       74           675          94           175          351          54.76        10.51  Stream  TCP      1       10.51  54.612  99         
Trans/s    9753.96    107.48       80           516          89           148          319          42.23        7.98  Stream  TCP      1       7.98  39.045  99         
Trans/s    9648.77    108.88       75           596          88           162          266          41.24        8.29  Stream  TCP      1       8.29  40.267  99         
Trans/s    9172.07    110.08       75           470          110          140          208          26.17        10.42  Stream  TCP      1       10.42  46.870  99         
Trans/s    8931.38    120.23       75           624          92           177          344          54.74        9.32  Stream  TCP      1       9.32  51.005  99         
Trans/s    10549.59   94.72        81           360          89           109          185          17.22        6.29  Stream  TCP      1       6.29  24.076  99         
Trans/s    7474.20    139.43       78           647          141          194          347          56.96        12.11  Stream  TCP      1       12.11  71.501  99         
Trans/s    9669.16    103.37       81           545          96           124          215          27.67        8.48  Stream  TCP      1       8.48  35.124  99         
Trans/s    9011.53    114.92       80           4965         94           157          340          78.25        12.20  Stream  TCP      1       12.20  59.316  99         
Trans/s    8861.81    117.69       73           6863         94           165          316          82.39        10.94  Stream  TCP      1       10.94  54.887  99         
Trans/s    9255.76    112.37       72           622          92           163          344          50.47        9.14  Stream  TCP      1       9.14  44.985  99         
Trans/s    9335.55    113.56       73           629          89           168          335          51.51        9.98  Stream  TCP      1       9.98  49.925  99         
Trans/s    10558.95   94.44        73           313          91           106          173          14.74        7.28  Stream  TCP      1       7.28  27.691  99         
Trans/s    10012.15   100.21       72           510          89           119          240          31.32        7.65  Stream  TCP      1       7.65  30.681  99         
Trans/s    9651.56    108.28       75           679          94           145          308          42.51        8.24  Stream  TCP      1       8.24  39.331  99         
Trans/s    9549.02    113.79       82           658          89           185          348          57.32        7.98  Stream  TCP      1       7.98  42.179  99         
Trans/s    9120.33    112.76       74           540          99           146          322          39.95        9.55  Stream  TCP      1       9.55  46.072  99         
Trans/s    9320.58    114.23       73           621          91           175          338          51.97        11.43  Stream  TCP      1       11.43  53.429  99         
Trans/s    9063.54    118.83       79           564          94           177          356          54.76        10.74  Stream  TCP      1       10.74  56.937  99         
Trans/s    9911.03    101.61       76           561          89           145          189          26.76        9.06  Stream  TCP      1       9.06  38.074  99         
Trans/s    8457.65    128.03       77           638          95           205          346          61.05        10.39  Stream  TCP      1       10.39  59.903  99         
Trans/s    10238.30   97.81        76           440          89           116          189          20.76        6.63  Stream  TCP      1       6.63  26.235  99         
Trans/s    9923.43    101.30       75           580          88           138          246          32.23        9.43  Stream  TCP      1       9.43  39.195  99         
Trans/s    8658.85    117.61       74           540          100          163          242          37.85        10.61  Stream  TCP      1       10.61  52.014  99         
Trans/s    9093.04    115.43       73           595          94           172          356          52.55        9.15  Stream  TCP      1       9.15  46.555  99         
Trans/s    9905.89    101.37       78           435          94           126          201          22.13        8.88  Stream  TCP      1       8.88  36.505  99         
Trans/s    10371.52   96.87        79           354          89           116          193          19.64        6.88  Stream  TCP      1       6.88  26.580  99         
Trans/s    10164.00   98.16        75           2294         91           114          188          34.61        10.37  Stream  TCP      1       10.37  40.570  99         
Trans/s    10503.75   95.23        74           538          89           112          186          19.44        6.36  Stream  TCP      1       6.36  24.131  99         
Trans/s    9912.75    102.67       76           656          89           144          225          31.29        8.54  Stream  TCP      1       8.54  36.716  99         
Trans/s    9509.97    106.93       74           533          93           142          314          41.85        8.84  Stream  TCP      1       8.84  38.840  99         
Trans/s    9659.81    103.39       82           483          96           128          209          24.65        7.35  Stream  TCP      1       7.35  30.732  99         
Trans/s    9693.10    108.69       72           548          91           149          344          49.69        8.64  Stream  TCP      1       8.64  40.134  99         
Trans/s    7953.36    130.61       71           688          104          225          351          63.65        12.10  Stream  TCP      1       12.10  64.680  99         
Trans/s    9942.36    102.04       72           574          89           141          264          33.60        8.55  Stream  TCP      1       8.55  36.196  99         
Trans/s    9331.67    108.32       72           585          90           152          223          34.10        9.53  Stream  TCP      1       9.53  42.172  99         
Trans/s    9778.15    107.73       72           629          90           147          332          46.39        14.57  Stream  TCP      1       14.57  62.698  99         
Trans/s    10510.12   95.10        73           1196         88           113          188          24.44        7.36  Stream  TCP      1       7.36  28.189  99         
Trans/s    8589.55    119.39       70           534          99           165          318          48.02        10.46  Stream  TCP      1       10.46  53.377  99         
Trans/s    8992.00    116.66       72           662          89           181          352          57.29        9.61  Stream  TCP      1       9.61  47.500  99         
Trans/s    10296.70   97.91        72           418          88           140          194          26.41        8.42  Stream  TCP      1       8.42  33.864  99         
Trans/s    10797.69   92.49        71           367          87           107          174          15.82        7.97  Stream  TCP      1       7.97  29.796  99         
Trans/s    10526.89   94.93        73           470          88           111          179          17.82        7.85  Stream  TCP      1       7.85  30.036  99         
Trans/s    8657.52    120.00       72           610          98           162          319          45.32        11.04  Stream  TCP      1       11.04  55.717  99         
Trans/s    8225.32    126.86       71           6874         115          173          348          85.71        10.57  Stream  TCP      1       10.57  57.758  99         
Trans/s    9254.40    110.70       71           689          91           156          289          41.74        13.00  Stream  TCP      1       13.00  58.187  99         
Trans/s    8386.37    124.95       71           2475         93           207          344          63.78        11.07  Stream  TCP      1       11.07  58.055  99         
Trans/s    11044.80   90.24        73           510          87           102          143          12.99        6.10  Stream  TCP      1       6.10  22.102  99         
Trans/s    8550.65    124.71       72           681          96           175          350          55.91        11.81  Stream  TCP      1       11.81  62.857  99         
Trans/s    9348.16    108.38       73           696          88           152          334          47.57        9.25  Stream  TCP      1       9.25  41.117  99         
Trans/s    9548.60    106.92       72           655          88           148          294          40.67        8.66  Stream  TCP      1       8.66  38.604  99         
Trans/s    9593.98    107.64       72           575          88           155          344          48.56        8.68  Stream  TCP      1       8.68  40.186  99         
Trans/s    8785.70    121.47       72           713          93           195          360          58.55        10.33  Stream  TCP      1       10.33  54.290  99         
Trans/s    9371.42    109.23       73           558          96           151          232          33.34        10.28  Stream  TCP      1       10.28  47.481  99         
Trans/s    10286.67   97.43        74           605          90           116          191          23.22        9.24  Stream  TCP      1       9.24  36.687  99         
Trans/s    10610.60   94.05        70           1054         87           112          176          21.33        7.27  Stream  TCP      1       7.27  27.368  99         
Trans/s    7381.85    144.30       72           548          131          251          358          68.68        12.85  Stream  TCP      1       12.85  78.282  99         
Trans/s    9314.18    111.44       72           532          93           159          285          41.23        9.83  Stream  TCP      1       9.83  48.209  99         
Trans/s    9674.45    104.84       73           489          89           146          293          39.27        9.10  Stream  TCP      1       9.10  39.092  99         
Trans/s    9736.03    104.94       73           569          92           147          258          34.48        9.97  Stream  TCP      1       9.97  43.889  99         
Trans/s    10381.04   97.05        71           380          88           117          206          22.32        8.36  Stream  TCP      1       8.36  32.672  99         
Trans/s    8379.40    123.06       72           603          105          181          342          53.87        10.66  Stream  TCP      1       10.66  54.681  99         
Trans/s    8685.82    122.23       71           617          98           178          351          51.76        10.52  Stream  TCP      1       10.52  56.598  99         
Trans/s    10284.34   97.39        73           4615         89           117          185          51.53        10.96  Stream  TCP      1       10.96  43.418  99         
Trans/s    10206.22   99.51        71           363          89           118          275          31.27        8.29  Stream  TCP      1       8.29  33.758  99         
Trans/s    10351.33   96.57        72           415          89           116          185          19.81        7.74  Stream  TCP      1       7.74  30.086  99         
Trans/s    9634.54    105.87       72           560          88           154          255          37.22        9.49  Stream  TCP      1       9.49  41.888  99         
Trans/s    9788.57    102.69       74           429          89           141          195          26.35        9.29  Stream  TCP      1       9.29  39.219  99         
Trans/s    8959.35    121.55       71           573          98           180          352          57.14        10.47  Stream  TCP      1       10.47  55.449  99         
Trans/s    9790.08    103.44       72           470          89           144          178          26.44        8.79  Stream  TCP      1       8.79  37.695  99         
Trans/s    8465.93    126.54       73           706          98           204          351          58.73        11.35  Stream  TCP      1       11.35  62.930  99         
Trans/s    8160.57    127.30       72           553          108          186          350          51.90        11.91  Stream  TCP      1       11.91  64.439  99         
Trans/s    10266.88   97.11        72           338          93           114          179          18.30        7.76  Stream  TCP      1       7.76  30.275  99         
Trans/s    10669.61   93.49        72           2952         88           106          178          33.45        9.57  Stream  TCP      1       9.57  36.309  99         
Trans/s    9858.10    102.52       71           439          89           139          241          30.92        9.27  Stream  TCP      1       9.27  40.561  99         
Trans/s    9590.33    105.62       73           2373         89           146          235          39.77        9.06  Stream  TCP      1       9.06  39.406  99         
Trans/s    8332.70    125.23       71           628          100          197          337          57.18        11.66  Stream  TCP      1       11.66  61.566  99         
Trans/s    9076.75    113.32       71           550          92           159          259          39.69        10.20  Stream  TCP      1       10.20  50.679  99         
Trans/s    9839.67    102.19       73           10032        94           119          212          107.92       7.75  Stream  TCP      1       7.75  31.832  99         
Trans/s    9291.37    110.67       84           608          95           148          276          36.05        8.21  Stream  TCP      1       8.21  36.243  99         
Trans/s    8475.37    120.84       74           3746         99           160          290          55.79        11.54  Stream  TCP      1       11.54  58.555  99         
Trans/s    10073.79   99.33        81           377          94           117          191          19.68        7.85  Stream  TCP      1       7.85  31.534  99         
Trans/s    9053.90    116.31       73           878          95           165          336          49.88        14.96  Stream  TCP      1       14.96  69.226  99         
Trans/s    8667.23    117.47       84           558          108          152          228          34.12        10.10  Stream  TCP      1       10.10  48.918  99         
Trans/s    8048.16    129.85       72           598          132          173          350          48.99        12.34  Stream  TCP      1       12.34  68.086  99         
Trans/s    8803.93    115.38       79           555          99           157          284          38.58        9.86  Stream  TCP      1       9.86  47.045  99         
Trans/s    10072.79   98.99        79           356          96           114          182          16.98        7.85  Stream  TCP      1       7.85  31.300  99         
Trans/s    10306.46   96.92        75           349          90           113          184          18.55        7.24  Stream  TCP      1       7.24  28.131  99         
Trans/s    10095.68   99.07        81           442          93           116          187          19.21        6.86  Stream  TCP      1       6.86  27.727  99         
Trans/s    10336.11   96.64        80           362          93           111          183          17.92        8.03  Stream  TCP      1       8.03  31.085  99         
Trans/s    9536.78    107.15       78           574          94           147          309          40.28        8.88  Stream  TCP      1       8.88  39.642  99         
Trans/s    10218.50   97.59        80           419          93           112          185          19.54        11.13  Stream  TCP      1       11.13  44.013  99         
