MIGRATED TCP REQUEST/RESPONSE TEST from 0.0.0.0 (0.0.0.0) port 0 AF_INET to 10.69.0.3 (10.69.0) port 0 AF_INET : +/-2.500% @ 99% conf.  : nodelay : first burst 0
Throughput Throughput Mean         Minimum      Maximum      50th         90th         99th         Stddev       Local  Socket  Protocol Request Local  Local    Confidence 
Units                 Latency      Latency      Latency      Percentile   Percentile   Percentile   Latency      CPU    Type             Size    CPU    Service  Level      
                      Microseconds Microseconds Microseconds Latency      Latency      Latency      Microseconds Util                    Bytes   Util   Demand   Percent    
                                                             Microseconds Microseconds Microseconds              %                               %                          
Trans/s    5520.36    186.25       124          687          167          251          372          52.08        13.67  Stream  TCP      1500    13.67  103.234  99         
Trans/s    4407.20    229.52       129          683          219          318          373          58.03        14.45  Stream  TCP      1500    14.45  135.388  99         
Trans/s    5763.24    174.04       124          475          171          208          281          27.86        9.42  Stream  TCP      1500    9.42  66.651  99         
Trans/s    5773.02    173.51       125          2409         168          211          296          41.21        8.88  Stream  TCP      1500    8.88  62.071  99         
Trans/s    5364.62    190.83       127          633          174          271          349          53.01        11.09  Stream  TCP      1500    11.09  88.726  99         
Trans/s    5814.67    173.99       125          1986         161          214          345          45.62        11.63  Stream  TCP      1500    11.63  81.968  99         
Trans/s    4893.12    207.63       125          697          199          277          374          54.48        12.83  Stream  TCP      1500    12.83  110.447  99         
Trans/s    5204.76    195.93       123          9995         178          273          371          147.92       12.16  Stream  TCP      1500    12.16  100.740  99         
Trans/s    5139.75    197.49       128          612          187          257          359          46.80        12.81  Stream  TCP      1500    12.81  103.907  99         
Trans/s    5338.80    190.00       127          533          179          249          353          46.10        12.07  Stream  TCP      1500    12.07  93.946  99         
Trans/s    5713.62    175.29       125          6961         170          211          258          73.31        11.43  Stream  TCP      1500    11.43  80.481  99         
Trans/s    5743.14    177.13       123          6482         161          224          326          87.34        9.04  Stream  TCP      1500    9.04  66.869  99         
Trans/s    5575.29    181.38       125          2540         171          228          358          50.72        9.95  Stream  TCP      1500    9.95  73.726  99         
Trans/s    5413.71    186.39       126          641          176          239          370          45.06        12.11  Stream  TCP      1500    12.11  92.177  99         
Trans/s    5445.25    185.64       125          1309         174          249          344          46.12        10.05  Stream  TCP      1500    10.05  77.512  99         
Trans/s    5068.89    204.16       127          1996         187          302          377          63.09        13.74  Stream  TCP      1500    13.74  116.626  99         
Trans/s    5617.14    179.68       125          523          173          219          334          38.18        10.46  Stream  TCP      1500    10.46  77.238  99         
Trans/s    5626.73    178.58       124          653          172          221          326          38.39        9.85  Stream  TCP      1500    9.85  71.818  99         
Trans/s    5483.86    184.87       125          641          174          239          341          44.44        9.93  Stream  TCP      1500    9.93  76.931  99         
Trans/s    5596.13    180.17       125          1366         174          219          319          38.04        9.70  Stream  TCP      1500    9.70  72.166  99         
Trans/s    5054.34    201.47       125          552          192          275          342          48.87        11.56  Stream  TCP      1500    11.56  97.199  99         
Trans/s    5957.21    168.51       124          559          160          207          249          27.73        10.77  Stream  TCP      1500    10.77  73.536  99         
Trans/s    5669.22    177.12       125          404          172          216          296          32.73        9.38  Stream  TCP      1500    9.38  67.344  99         
Trans/s    4703.76    216.87       125          614          203          313          378          59.75        12.72  Stream  TCP      1500    12.72  114.314  99         
Trans/s    5626.58    181.30       125          668          165          252          355          48.46        10.93  Stream  TCP      1500    10.93  83.242  99         
Trans/s    5877.27    170.44       125          569          165          205          259          26.79        9.21  Stream  TCP      1500    9.21  63.547  99         
Trans/s    5486.49    184.47       126          5624         176          229          329          68.82        12.23  Stream  TCP      1500    12.23  91.428  99         
Trans/s    5016.65    203.56       124          692          190          294          368          59.14        12.65  Stream  TCP      1500    12.65  106.886  99         
Trans/s    4578.15    221.83       126          736          208          320          374          64.03        14.46  Stream  TCP      1500    14.46  130.602  99         
Trans/s    5816.12    172.35       124          494          170          207          288          28.66        9.39  Stream  TCP      1500    9.39  65.456  99         
Trans/s    5093.13    200.43       125          7269         189          280          341          86.05        11.85  Stream  TCP      1500    11.85  99.317  99         
Trans/s    5368.17    187.54       125          6479         178          243          302          73.85        12.22  Stream  TCP      1500    12.22  92.710  99         
Trans/s    5506.33    185.95       125          708          169          261          353          50.56        10.66  Stream  TCP      1500    10.66  82.601  99         
Trans/s    5709.98    175.15       125          419          172          209          244          25.31        9.74  Stream  TCP      1500    9.74  68.757  99         
Trans/s    4812.94    213.90       127          652          198          316          376          63.03        13.70  Stream  TCP      1500    13.70  123.343  99         
Trans/s    5220.05    196.18       125          658          178          287          373          56.46        11.49  Stream  TCP      1500    11.49  94.371  99         
Trans/s    5573.56    182.69       123          443          173          229          347          42.57        10.97  Stream  TCP      1500    10.97  82.938  99         
Trans/s    5820.85    172.23       123          1897         168          209          280          33.69        9.79  Stream  TCP      1500    9.79  67.459  99         
Trans/s    5674.25    176.04       124          564          173          211          251          25.80        11.12  Stream  TCP      1500    11.12  79.003  99         
Trans/s    4874.30    207.52       123          628          204          266          348          47.82        14.87  Stream  TCP      1500    14.87  127.821  99         
Trans/s    4993.50    204.30       123          605          191          280          377          55.65        12.47  Stream  TCP      1500    12.47  106.016  99         
Trans/s    5660.58    177.39       126          519          172          219          267          30.15        10.09  Stream  TCP      1500    10.09  72.514  99         
Trans/s    4771.08    223.79       124          761          194          319          448          77.19        11.97  Stream  TCP      1500    11.97  113.016  99         
Trans/s    5351.08    191.84       126          771          174          266          371          54.68        11.54  Stream  TCP      1500    11.54  94.152  99         
Trans/s    5364.86    191.06       128          10120        178          262          323          109.03       9.49  Stream  TCP      1500    9.49  73.902  99         
Trans/s    4190.32    249.94       130          1502         254          337          443          75.11        10.65  Stream  TCP      1500    10.65  108.531  99         
Trans/s    5250.17    191.88       128          966          185          250          318          42.07        10.82  Stream  TCP      1500    10.82  84.089  99         
Trans/s    5218.78    194.30       123          1134         179          267          374          55.14        12.62  Stream  TCP      1500    12.62  101.629  99         
Trans/s    5360.54    189.08       128          658          174          256          339          46.85        11.70  Stream  TCP      1500    11.70  90.513  99         
Trans/s    5669.55    176.79       134          651          171          216          262          28.35        9.28  Stream  TCP      1500    9.28  66.372  99         
Trans/s    5403.47    189.77       133          613          173          256          368          50.48        10.43  Stream  TCP      1500    10.43  83.063  99         
Trans/s    4604.75    219.58       126          8687         212          301          347          101.26       13.55  Stream  TCP      1500    13.55  120.757  99         
Trans/s    5636.41    179.20       125          649          170          226          309          37.89        11.74  Stream  TCP      1500    11.74  84.702  99         
Trans/s    5006.98    202.62       128          638          193          268          348          51.97        12.46  Stream  TCP      1500    12.46  105.219  99         
Trans/s    5129.82    196.48       132          628          186          253          343          43.53        12.98  Stream  TCP      1500    12.98  104.599  99         
Trans/s    5411.98    188.74       125          1333         175          255          352          50.96        10.71  Stream  TCP      1500    10.71  85.368  99         
Trans/s    5417.11    187.11       125          603          179          249          312          40.85        10.44  Stream  TCP      1500    10.44  80.980  99         
Trans/s    5662.01    177.03       126          600          170          214          310          33.47        11.30  Stream  TCP      1500    11.30  80.512  99         
Trans/s    5035.60    203.74       127          731          184          303          376          58.35        12.27  Stream  TCP      1500    12.27  103.723  99         
Trans/s    5201.80    194.51       128          712          183          260          356          51.37        11.93  Stream  TCP      1500    11.93  95.090  99         
Trans/s    4880.96    209.28       127          675          192          307          378          60.35        12.77  Stream  TCP      1500    12.77  110.595  99         
Trans/s    5540.05    181.87       132          857          175          222          292          34.57        10.33  Stream  TCP      1500    10.33  77.195  99         
Trans/s    5416.71    185.70       126          1366         178          236          316          38.22        12.27  Stream  TCP      1500    12.27  91.293  99         
Trans/s    5254.04    191.94       125          742          182          253          351          47.85        11.60  Stream  TCP      1500    11.60  91.580  99         
Trans/s    5408.32    187.25       126          641          174          253          357          47.92        10.33  Stream  TCP      1500    10.33  80.513  99         
Trans/s    5590.64    180.68       130          3955         175          217          306          49.92        9.75  Stream  TCP      1500    9.75  72.316  99         
Trans/s    4897.01    209.77       131          894          194          304          373          60.05        13.25  Stream  TCP      1500    13.25  115.807  99         
Trans/s    5826.45    171.59       129          1656         169          204          231          27.12        8.12  Stream  TCP      1500    8.12  56.037  99         
Trans/s    5327.72    189.52       125          546          180          245          327          41.92        12.29  Stream  TCP      1500    12.29  94.512  99         
Trans/s    5915.94    169.08       128          581          163          199          232          22.19        9.28  Stream  TCP      1500    9.28  62.956  99         
Trans/s    5389.95    185.89       129          867          181          233          279          33.73        10.01  Stream  TCP      1500    10.01  75.333  99         
Trans/s    5807.29    174.99       127          647          160          223          337          39.44        9.08  Stream  TCP      1500    9.08  67.600  99         
Trans/s    5354.02    189.23       135          7075         179          246          322          81.83        10.32  Stream  TCP      1500    10.32  78.577  99         
Trans/s    5351.33    190.46       126          588          175          261          363          51.02        11.82  Stream  TCP      1500    11.82  91.528  99         
Trans/s    5555.67    181.97       127          580          169          231          342          43.95        10.21  Stream  TCP      1500    10.21  76.788  99         
Trans/s    4851.86    210.10       127          678          201          303          364          57.06        13.18  Stream  TCP      1500    13.18  116.542  99         
Trans/s    5774.06    173.17       126          593          169          210          281          28.05        8.80  Stream  TCP      1500    8.80  61.102  99         
Trans/s    5224.49    193.73       127          1316         185          247          323          43.47        11.79  Stream  TCP      1500    11.79  94.300  99         
Trans/s    5129.66    197.80       129          6201         185          263          371          77.33        12.08  Stream  TCP      1500    12.08  98.717  99         
Trans/s    4865.82    207.79       126          721          201          271          346          51.29        13.35  Stream  TCP      1500    13.35  111.960  99         
Trans/s    5189.27    198.53       127          695          181          294          374          57.31        11.26  Stream  TCP      1500    11.26  93.414  99         
Trans/s    5203.43    195.97       127          16829        182          274          332          173.26       12.05  Stream  TCP      1500    12.05  101.436  99         
Trans/s    4725.48    213.19       129          797          203          291          336          53.96        13.05  Stream  TCP      1500    13.05  112.684  99         
Trans/s    5671.11    176.11       127          720          169          212          254          26.94        9.80  Stream  TCP      1500    9.80  69.093  99         
Trans/s    5117.95    198.05       129          710          182          283          362          54.03        13.24  Stream  TCP      1500    13.24  106.578  99         
Trans/s    5092.95    201.88       129          630          185          281          371          53.70        11.53  Stream  TCP      1500    11.53  97.884  99         
Trans/s    5292.48    192.74       125          642          179          268          349          50.03        11.70  Stream  TCP      1500    11.70  92.897  99         
Trans/s    5226.61    193.49       128          2122         185          251          331          47.78        11.59  Stream  TCP      1500    11.59  92.512  99         
Trans/s    5330.29    188.74       126          6984         181          230          331          90.59        10.52  Stream  TCP      1500    10.52  81.577  99         
Trans/s    5292.42    193.00       129          696          179          262          351          49.56        12.44  Stream  TCP      1500    12.44  99.016  99         
Trans/s    5732.58    174.63       135          574          167          209          249          25.00        9.82  Stream  TCP      1500    9.82  69.094  99         
Trans/s    5317.19    191.15       131          696          177          266          337          48.11        11.04  Stream  TCP      1500    11.04  87.203  99         
Trans/s    4925.02    206.21       127          6053         195          287          369          86.34        11.91  Stream  TCP      1500    11.91  100.257  99         
Trans/s    5149.82    195.15       135          594          188          245          316          38.95        11.26  Stream  TCP      1500    11.26  89.982  99         
Trans/s    5259.47    199.46       122          743          174          294          423          64.58        11.06  Stream  TCP      1500    11.06  87.679  99         
Trans/s    4957.63    206.67       137          722          188          299          364          58.32        11.44  Stream  TCP      1500    11.44  99.182  99         
Trans/s    4823.50    208.83       129          1376         202          291          355          51.54        13.25  Stream  TCP      1500    13.25  112.372  99         
Trans/s    4970.93    205.52       125          724          186          311          372          59.92        12.18  Stream  TCP      1500    12.18  104.693  99         
Trans/s    5512.12    184.56       125          899          172          241          354          45.93        10.03  Stream  TCP      1500    10.03  77.249  99         
Trans/s    5646.20    177.91       125          406          170          218          291          33.76        11.10  Stream  TCP      1500    11.10  80.337  99         
