MIGRATED TCP REQUEST/RESPONSE TEST from 0.0.0.0 (0.0.0.0) port 0 AF_INET to 10.69.0.3 (10.69.0) port 0 AF_INET : +/-2.500% @ 99% conf.  : nodelay : first burst 0
Throughput Throughput Mean         Minimum      Maximum      50th         90th         99th         Stddev       Local Socket  Protocol Request Local Local   Confidence 
Units                 Latency      Latency      Latency      Percentile   Percentile   Percentile   Latency      CPU   Type             Size    CPU   Service Level      
                      Microseconds Microseconds Microseconds Latency      Latency      Latency      Microseconds Util                   Bytes   Util  Demand  Percent    
                                                             Microseconds Microseconds Microseconds              %                              %                        
Trans/s    7232.38    141.01       86           675          125          193          320          47.36        9.41  Stream  TCP      500     9.41  56.167  99         
Trans/s    7605.64    138.56       86           6481         109          212          351          85.43        9.05  Stream  TCP      500     9.05  54.488  99         
Trans/s    7552.79    134.46       86           638          116          190          301          44.54        9.03  Stream  TCP      500     9.03  50.096  99         
Trans/s    8417.94    120.34       86           663          107          162          294          40.61        7.83  Stream  TCP      500     7.83  39.084  99         
Trans/s    7672.00    136.07       86           612          114          200          335          51.30        8.51  Stream  TCP      500     8.51  51.055  99         
Trans/s    7340.91    138.56       87           558          125          186          278          40.93        10.28  Stream  TCP      500     10.28  57.934  99         
Trans/s    7724.70    130.47       86           601          119          175          255          34.33        10.29  Stream  TCP      500     10.29  53.730  99         
Trans/s    7800.44    129.93       86           573          109          181          348          49.05        8.74  Stream  TCP      500     8.74  46.584  99         
Trans/s    7136.55    145.06       85           497          129          211          338          50.37        9.60  Stream  TCP      500     9.60  58.817  99         
Trans/s    8114.02    127.64       85           896          108          178          350          48.98        8.34  Stream  TCP      500     8.34  44.909  99         
Trans/s    7928.06    128.19       86           568          111          176          277          39.17        8.71  Stream  TCP      500     8.71  47.060  99         
Trans/s    6738.59    154.16       86           591          139          233          359          57.41        11.36  Stream  TCP      500     11.36  73.723  99         
Trans/s    7799.80    133.47       86           426          114          192          324          48.37        8.40  Stream  TCP      500     8.40  49.086  99         
Trans/s    7511.46    137.64       86           547          115          206          326          50.26        12.27  Stream  TCP      500     12.27  66.523  99         
Trans/s    6899.87    151.25       86           585          134          236          344          56.75        10.59  Stream  TCP      500     10.59  69.599  99         
Trans/s    6744.23    152.73       86           821          139          242          357          58.54        11.98  Stream  TCP      500     11.98  75.613  99         
Trans/s    7012.35    147.67       86           1658         137          213          355          57.85        11.47  Stream  TCP      500     11.47  70.327  99         
Trans/s    6779.75    154.17       86           626          141          255          358          62.97        10.88  Stream  TCP      500     10.88  70.376  99         
Trans/s    6434.19    160.45       87           595          154          244          360          59.28        11.72  Stream  TCP      500     11.72  78.238  99         
Trans/s    7105.04    142.80       86           708          127          195          319          48.17        10.30  Stream  TCP      500     10.30  60.836  99         
Trans/s    7387.27    140.53       86           612          117          211          361          54.56        10.39  Stream  TCP      500     10.39  60.502  99         
Trans/s    7339.13    138.54       85           920          122          191          352          49.89        10.53  Stream  TCP      500     10.53  59.181  99         
Trans/s    7915.19    129.36       85           569          110          184          299          42.98        7.86  Stream  TCP      500     7.86  42.933  99         
Trans/s    7184.08    148.40       86           590          115          257          366          63.77        9.68  Stream  TCP      500     9.68  62.509  99         
Trans/s    7588.18    134.05       86           573          116          187          308          44.57        9.49  Stream  TCP      500     9.49  52.464  99         
Trans/s    7001.97    144.65       85           582          146          184          284          40.21        10.74  Stream  TCP      500     10.74  64.806  99         
Trans/s    6434.01    166.13       86           624          151          279          372          74.29        11.24  Stream  TCP      500     11.24  80.022  99         
Trans/s    7578.49    137.75       86           644          115          195          332          50.23        11.03  Stream  TCP      500     11.03  63.433  99         
Trans/s    6902.10    150.23       86           717          139          232          345          56.35        11.22  Stream  TCP      500     11.22  69.738  99         
Trans/s    7709.65    132.19       86           595          113          178          272          38.77        9.23  Stream  TCP      500     9.23  50.120  99         
Trans/s    8260.54    122.32       85           553          108          174          285          38.70        7.04  Stream  TCP      500     7.04  35.258  99         
Trans/s    6780.57    152.73       85           11402        121          254          360          130.10       12.64  Stream  TCP      500     12.64  78.154  99         
Trans/s    6400.81    161.75       86           901          138          271          365          70.09        11.09  Stream  TCP      500     11.09  74.455  99         
Trans/s    7049.06    148.47       85           711          117          253          362          63.38        10.04  Stream  TCP      500     10.04  64.044  99         
Trans/s    7857.15    132.20       86           560          113          178          334          48.09        10.79  Stream  TCP      500     10.79  59.029  99         
Trans/s    7904.39    129.93       86           522          109          188          330          48.54        9.02  Stream  TCP      500     9.02  49.151  99         
Trans/s    8447.84    118.44       88           657          108          159          226          29.81        7.11  Stream  TCP      500     7.11  34.285  99         
Trans/s    8045.08    125.91       89           553          111          174          260          35.11        8.32  Stream  TCP      500     8.32  43.909  99         
Trans/s    6358.80    166.31       93           8761         150          275          368          110.07       11.07  Stream  TCP      500     11.07  80.093  99         
Trans/s    7988.66    127.32       91           555          109          172          280          37.20        8.60  Stream  TCP      500     8.60  45.602  99         
Trans/s    6490.66    166.86       93           628          136          283          367          74.98        10.06  Stream  TCP      500     10.06  73.581  99         
Trans/s    7849.80    128.99       91           3842         111          174          298          55.02        10.81  Stream  TCP      500     10.81  56.242  99         
Trans/s    6823.93    154.73       87           709          133          257          361          64.54        9.68  Stream  TCP      500     9.68  65.325  99         
Trans/s    7822.60    134.92       90           1352         108          202          362          61.31        8.03  Stream  TCP      500     8.03  47.021  99         
Trans/s    7349.48    139.90       85           558          119          189          327          46.18        8.72  Stream  TCP      500     8.72  51.535  99         
Trans/s    7000.43    146.82       89           722          134          201          330          49.33        10.67  Stream  TCP      500     10.67  64.817  99         
Trans/s    7149.44    142.89       94           555          132          193          318          46.47        9.79  Stream  TCP      500     9.79  58.563  99         
Trans/s    7658.07    140.01       89           553          108          241          362          64.02        8.94  Stream  TCP      500     8.94  55.756  99         
Trans/s    8552.06    117.11       91           654          107          137          276          32.15        11.67  Stream  TCP      500     11.67  54.204  99         
Trans/s    7579.08    134.81       90           515          109          195          327          50.10        8.60  Stream  TCP      500     8.60  48.982  99         
Trans/s    7515.72    135.65       92           535          114          182          353          47.86        9.18  Stream  TCP      500     9.18  51.098  99         
Trans/s    6792.94    153.19       89           628          123          252          364          63.93        10.83  Stream  TCP      500     10.83  70.847  99         
Trans/s    7728.97    131.16       93           580          112          184          262          39.48        9.67  Stream  TCP      500     9.67  51.968  99         
Trans/s    7682.49    136.03       88           655          109          202          354          55.59        8.14  Stream  TCP      500     8.14  48.689  99         
Trans/s    7032.68    145.56       92           1541         128          198          354          52.94        9.75  Stream  TCP      500     9.75  57.945  99         
Trans/s    7173.60    146.16       94           7856         121          214          355          95.12        11.10  Stream  TCP      500     11.10  67.597  99         
Trans/s    7200.16    143.82       94           648          114          218          359          58.68        9.77  Stream  TCP      500     9.77  58.271  99         
Trans/s    7441.45    139.77       91           700          112          208          366          57.21        9.57  Stream  TCP      500     9.57  57.507  99         
Trans/s    6788.91    150.10       86           1156         149          210          282          44.47        10.13  Stream  TCP      500     10.13  64.169  99         
Trans/s    7494.39    136.95       88           676          114          196          353          51.60        8.52  Stream  TCP      500     8.52  47.611  99         
Trans/s    7749.94    137.94       89           2934         109          223          366          67.26        10.94  Stream  TCP      500     10.94  63.412  99         
Trans/s    6858.69    154.54       90           717          118          262          364          67.02        10.61  Stream  TCP      500     10.61  69.344  99         
Trans/s    7233.96    141.70       92           3171         113          199          366          64.55        10.63  Stream  TCP      500     10.63  62.269  99         
Trans/s    7522.05    140.57       93           1663         109          232          358          63.37        8.91  Stream  TCP      500     8.91  54.839  99         
Trans/s    6641.03    162.01       90           749          118          278          367          74.21        10.92  Stream  TCP      500     10.92  78.428  99         
Trans/s    8538.74    117.39       87           376          107          152          231          28.50        6.07  Stream  TCP      500     6.07  29.204  99         
Trans/s    7157.22    143.94       96           560          120          213          356          53.72        9.89  Stream  TCP      500     9.89  59.470  99         
Trans/s    6160.34    167.69       90           652          149          275          366          68.66        11.40  Stream  TCP      500     11.40  79.050  99         
Trans/s    7910.33    126.28       90           404          121          163          220          25.91        7.81  Stream  TCP      500     7.81  39.563  99         
Trans/s    7542.81    136.93       88           560          115          199          345          49.89        14.09  Stream  TCP      500     14.09  76.858  99         
Trans/s    6580.67    160.98       100          689          137          275          368          71.55        10.69  Stream  TCP      500     10.69  73.291  99         
Trans/s    7945.13    127.76       90           548          112          172          268          36.15        9.01  Stream  TCP      500     9.01  48.242  99         
Trans/s    7807.89    135.49       88           693          108          216          362          58.31        8.22  Stream  TCP      500     8.22  48.674  99         
Trans/s    7277.87    143.08       93           549          118          198          353          53.01        9.91  Stream  TCP      500     9.91  60.986  99         
Trans/s    6727.01    151.15       89           566          145          206          312          44.50        10.53  Stream  TCP      500     10.53  65.491  99         
Trans/s    7608.59    138.63       87           679          110          222          355          57.00        7.82  Stream  TCP      500     7.82  48.511  99         
Trans/s    7917.04    128.12       88           631          110          169          269          36.10        8.17  Stream  TCP      500     8.17  43.970  99         
Trans/s    8295.50    120.95       92           550          109          164          204          26.48        9.69  Stream  TCP      500     9.69  46.470  99         
Trans/s    7200.06    140.82       92           831          139          181          277          40.09        10.70  Stream  TCP      500     10.70  61.435  99         
Trans/s    6928.86    147.05       89           523          136          213          306          47.64        10.79  Stream  TCP      500     10.79  64.024  99         
Trans/s    7424.06    139.62       88           2700         115          203          355          60.00        9.69  Stream  TCP      500     9.69  57.015  99         
Trans/s    8014.31    127.11       87           498          109          181          285          39.08        7.57  Stream  TCP      500     7.57  39.814  99         
Trans/s    7664.06    141.44       93           621          108          267          366          70.26        8.55  Stream  TCP      500     8.55  54.897  99         
Trans/s    7401.49    138.36       87           7841         119          179          310          88.33        9.36  Stream  TCP      500     9.36  54.823  99         
Trans/s    7856.17    128.89       88           706          109          177          307          43.01        10.47  Stream  TCP      500     10.47  55.435  99         
Trans/s    8847.50    112.87       88           686          106          135          207          23.08        5.65  Stream  TCP      500     5.65  25.519  99         
Trans/s    7329.02    139.58       91           670          118          203          306          46.86        9.38  Stream  TCP      500     9.38  55.220  99         
Trans/s    7459.92    138.26       94           677          115          193          298          46.09        8.63  Stream  TCP      500     8.63  51.171  99         
Trans/s    7213.31    145.62       91           553          114          252          360          63.62        9.67  Stream  TCP      500     9.67  60.545  99         
Trans/s    6636.91    154.21       94           637          152          215          327          48.21        10.16  Stream  TCP      500     10.16  65.857  99         
Trans/s    7899.14    128.67       94           500          113          177          258          36.29        9.05  Stream  TCP      500     9.05  48.907  99         
Trans/s    7819.38    130.19       96           781          111          188          355          49.09        10.20  Stream  TCP      500     10.20  53.585  99         
Trans/s    7714.35    129.87       92           1801         109          180          265          44.49        9.01  Stream  TCP      500     9.01  47.310  99         
Trans/s    6695.63    153.66       91           722          144          242          364          59.62        10.66  Stream  TCP      500     10.66  69.296  99         
Trans/s    7777.55    131.68       91           633          109          183          301          44.22        8.50  Stream  TCP      500     8.50  48.183  99         
Trans/s    6688.79    154.56       89           683          134          246          360          61.71        11.49  Stream  TCP      500     11.49  74.471  99         
Trans/s    7247.52    140.40       92           515          120          200          315          47.27        9.54  Stream  TCP      500     9.54  56.878  99         
Trans/s    7388.42    140.53       90           600          111          219          355          56.95        9.25  Stream  TCP      500     9.25  54.740  99         
Trans/s    6903.79    153.44       87           639          124          251          364          63.83        13.52  Stream  TCP      500     13.52  84.205  99         
Trans/s    6622.92    158.82       87           549          155          255          363          62.53        11.07  Stream  TCP      500     11.07  76.136  99         
