MIGRATED TCP REQUEST/RESPONSE TEST from 0.0.0.0 (0.0.0.0) port 0 AF_INET to 10.69.0.3 (10.69.0) port 0 AF_INET : +/-2.500% @ 99% conf.  : nodelay : first burst 0
Throughput Throughput Mean         Minimum      Maximum      50th         90th         99th         Stddev       Local Socket  Protocol Request Local Local   Confidence 
Units                 Latency      Latency      Latency      Percentile   Percentile   Percentile   Latency      CPU   Type             Size    CPU   Service Level      
                      Microseconds Microseconds Microseconds Latency      Latency      Latency      Microseconds Util                   Bytes   Util  Demand  Percent    
                                                             Microseconds Microseconds Microseconds              %                              %                        
Trans/s    7947.18    129.11       89           434          109          179          307          43.72        8.30  Stream  TCP      500     8.30  45.336  99         
Trans/s    7366.44    139.20       95           575          119          198          336          48.86        9.19  Stream  TCP      500     9.19  53.349  99         
Trans/s    6963.87    151.12       86           3848         121          253          365          74.23        10.05  Stream  TCP      500     10.05  61.572  99         
Trans/s    6865.12    152.73       93           623          120          265          367          66.19        11.85  Stream  TCP      500     11.85  74.818  99         
Trans/s    7482.54    139.39       93           690          109          208          333          52.87        9.96  Stream  TCP      500     9.96  59.809  99         
Trans/s    7583.50    133.18       87           607          121          178          246          35.72        10.80  Stream  TCP      500     10.80  58.479  99         
Trans/s    8561.59    117.49       86           513          107          161          245          31.88        7.04  Stream  TCP      500     7.04  33.346  99         
Trans/s    7121.25    147.37       90           7012         118          226          354          90.87        9.41  Stream  TCP      500     9.41  60.108  99         
Trans/s    7213.15    143.40       90           575          114          227          346          58.21        9.65  Stream  TCP      500     9.65  58.333  99         
Trans/s    6824.36    149.51       88           584          145          206          300          44.30        11.26  Stream  TCP      500     11.26  68.992  99         
Trans/s    8658.65    115.82       91           545          107          152          208          24.77        7.32  Stream  TCP      500     7.32  34.279  99         
Trans/s    7470.68    140.01       94           620          109          217          355          57.32        9.64  Stream  TCP      500     9.64  58.393  99         
Trans/s    7471.05    143.06       92           648          115          225          358          58.31        13.98  Stream  TCP      500     13.98  79.157  99         
Trans/s    7859.64    130.02       89           622          109          174          301          40.64        9.66  Stream  TCP      500     9.66  52.699  99         
Trans/s    7267.85    142.79       93           449          123          199          355          52.90        9.79  Stream  TCP      500     9.79  60.102  99         
Trans/s    6899.89    150.90       89           540          144          218          357          54.84        10.83  Stream  TCP      500     10.83  69.101  99         
Trans/s    7057.60    149.87       89           1976         127          252          364          64.17        10.33  Stream  TCP      500     10.33  67.901  99         
Trans/s    7153.09    147.77       87           652          111          259          358          67.06        10.36  Stream  TCP      500     10.36  66.485  99         
Trans/s    7024.89    146.89       92           513          119          234          357          59.70        10.51  Stream  TCP      500     10.51  65.089  99         
Trans/s    7333.16    145.11       91           661          115          237          365          62.75        10.65  Stream  TCP      500     10.65  65.115  99         
Trans/s    6707.92    154.59       93           687          153          223          361          55.17        11.64  Stream  TCP      500     11.64  74.628  99         
Trans/s    6743.30    154.33       93           610          150          248          357          61.75        10.68  Stream  TCP      500     10.68  69.896  99         
Trans/s    7367.92    139.06       92           555          114          215          352          53.95        9.97  Stream  TCP      500     9.97  57.506  99         
Trans/s    6925.21    154.07       93           637          119          272          368          69.61        9.71  Stream  TCP      500     9.71  64.977  99         
Trans/s    6276.11    165.56       88           701          152          268          367          66.55        11.15  Stream  TCP      500     11.15  78.069  99         
Trans/s    7320.89    139.08       92           620          121          194          281          42.20        9.21  Stream  TCP      500     9.21  53.752  99         
Trans/s    7243.53    144.69       86           605          121          206          359          53.97        11.40  Stream  TCP      500     11.40  68.014  99         
Trans/s    6295.10    165.60       86           557          143          269          369          66.40        12.10  Stream  TCP      500     12.10  83.838  99         
Trans/s    6793.74    156.95       86           642          129          263          369          67.24        10.99  Stream  TCP      500     10.99  73.233  99         
Trans/s    7551.65    134.69       86           6785         117          182          271          76.78        10.19  Stream  TCP      500     10.19  56.904  99         
Trans/s    6621.19    157.88       86           891          133          264          370          68.64        10.68  Stream  TCP      500     10.68  72.619  99         
Trans/s    7233.45    140.89       86           715          114          219          362          59.01        9.50  Stream  TCP      500     9.50  54.369  99         
Trans/s    7323.77    140.73       86           618          116          202          326          49.37        12.16  Stream  TCP      500     12.16  70.964  99         
Trans/s    7276.87    143.37       86           5984         117          229          361          91.37        9.88  Stream  TCP      500     9.88  60.672  99         
Trans/s    7805.61    130.79       92           641          109          181          352          49.07        7.80  Stream  TCP      500     7.80  42.556  99         
Trans/s    6966.01    152.92       92           708          121          262          367          65.55        9.64  Stream  TCP      500     9.64  64.650  99         
Trans/s    6962.22    151.88       93           570          117          257          367          65.85        10.95  Stream  TCP      500     10.95  70.098  99         
Trans/s    7513.55    135.66       90           561          115          182          292          43.79        10.18  Stream  TCP      500     10.18  56.599  99         
Trans/s    6052.47    172.68       88           612          160          272          366          67.45        12.65  Stream  TCP      500     12.65  91.610  99         
Trans/s    8204.47    122.44       92           663          110          158          288          35.17        9.09  Stream  TCP      500     9.09  45.167  99         
Trans/s    7196.34    142.39       89           3429         121          203          303          57.90        10.39  Stream  TCP      500     10.39  61.535  99         
Trans/s    6659.26    156.41       87           621          131          261          364          67.15        11.57  Stream  TCP      500     11.57  75.674  99         
Trans/s    6930.19    146.60       92           648          150          190          299          44.57        10.86  Stream  TCP      500     10.86  65.925  99         
Trans/s    6930.42    149.09       88           1924         122          226          363          62.74        11.58  Stream  TCP      500     11.58  72.301  99         
Trans/s    7501.24    137.11       88           543          109          188          340          50.05        9.24  Stream  TCP      500     9.24  54.087  99         
Trans/s    6048.80    174.61       87           637          150          293          374          77.27        11.68  Stream  TCP      500     11.68  85.743  99         
Trans/s    8341.56    120.59       90           594          107          161          278          34.82        8.14  Stream  TCP      500     8.14  39.830  99         
Trans/s    7390.25    138.90       93           617          112          216          358          57.53        9.38  Stream  TCP      500     9.38  53.629  99         
Trans/s    7371.29    139.82       90           593          118          188          303          45.39        8.98  Stream  TCP      500     8.98  52.693  99         
Trans/s    7666.70    133.55       90           509          109          183          298          45.13        9.89  Stream  TCP      500     9.89  55.226  99         
Trans/s    7144.48    145.53       89           563          116          247          358          61.75        9.20  Stream  TCP      500     9.20  58.408  99         
Trans/s    7015.19    159.39       88           673          117          285          368          76.22        11.04  Stream  TCP      500     11.04  78.301  99         
Trans/s    7334.97    141.24       90           712          109          223          360          58.16        8.51  Stream  TCP      500     8.51  50.814  99         
Trans/s    7648.20    136.52       88           609          109          222          365          60.16        11.66  Stream  TCP      500     11.66  65.619  99         
Trans/s    8118.41    124.18       88           1786         108          172          275          40.13        8.27  Stream  TCP      500     8.27  41.960  99         
Trans/s    7081.55    145.83       88           654          117          234          364          60.71        10.21  Stream  TCP      500     10.21  61.703  99         
Trans/s    7484.57    138.04       86           1410         117          191          321          49.49        9.24  Stream  TCP      500     9.24  53.318  99         
Trans/s    8298.76    123.66       86           4890         108          171          357          67.12        6.90  Stream  TCP      500     6.90  36.113  99         
Trans/s    7476.95    140.81       85           649          109          236          357          60.70        9.80  Stream  TCP      500     9.80  58.525  99         
Trans/s    8326.70    120.76       85           3402         112          143          245          44.82        8.61  Stream  TCP      500     8.61  42.811  99         
Trans/s    8363.03    120.68       91           549          108          167          232          31.40        7.55  Stream  TCP      500     7.55  37.892  99         
Trans/s    7394.89    141.51       88           1345         114          222          360          57.29        10.81  Stream  TCP      500     10.81  64.710  99         
Trans/s    7195.01    147.66       88           686          116          267          364          66.03        9.51  Stream  TCP      500     9.51  61.485  99         
Trans/s    8004.54    127.76       90           569          111          169          255          35.18        8.64  Stream  TCP      500     8.64  45.745  99         
Trans/s    6701.80    160.71       89           668          119          282          365          74.66        10.08  Stream  TCP      500     10.08  71.202  99         
Trans/s    8095.17    124.27       91           619          109          167          247          33.51        8.05  Stream  TCP      500     8.05  41.157  99         
Trans/s    6489.62    162.23       93           1214         118          279          368          75.76        10.90  Stream  TCP      500     10.90  76.124  99         
Trans/s    7690.14    132.33       90           3529         114          185          320          56.11        8.24  Stream  TCP      500     8.24  45.723  99         
Trans/s    7780.32    133.03       90           568          109          185          334          48.28        10.07  Stream  TCP      500     10.07  55.558  99         
Trans/s    7749.05    130.22       88           3737         113          177          276          52.94        8.25  Stream  TCP      500     8.25  43.733  99         
Trans/s    6502.45    154.60       92           682          160          202          303          44.84        12.03  Stream  TCP      500     12.03  75.682  99         
Trans/s    7816.44    131.84       91           643          113          177          338          44.60        8.85  Stream  TCP      500     8.85  48.842  99         
Trans/s    7492.73    140.69       87           1383         111          218          361          59.43        8.36  Stream  TCP      500     8.36  52.781  99         
Trans/s    6113.12    170.64       87           692          163          284          369          71.72        12.35  Stream  TCP      500     12.35  85.711  99         
Trans/s    7519.45    138.81       90           561          116          202          341          50.48        9.06  Stream  TCP      500     9.06  54.492  99         
Trans/s    8167.23    123.31       88           540          109          163          220          28.92        9.13  Stream  TCP      500     9.13  46.016  99         
Trans/s    7508.07    136.87       88           1932         115          198          340          53.05        8.22  Stream  TCP      500     8.22  47.656  99         
Trans/s    7171.41    146.97       88           592          118          253          363          61.57        9.83  Stream  TCP      500     9.83  62.488  99         
Trans/s    7653.70    136.85       92           615          111          206          362          57.39        9.65  Stream  TCP      500     9.65  55.425  99         
Trans/s    7021.46    152.56       91           680          110          278          368          74.56        10.07  Stream  TCP      500     10.07  69.111  99         
Trans/s    8756.92    114.26       89           512          107          144          203          22.58        7.79  Stream  TCP      500     7.79  35.874  99         
Trans/s    7495.40    137.12       90           3256         109          195          359          62.82        11.28  Stream  TCP      500     11.28  63.767  99         
Trans/s    8389.50    119.53       87           654          108          166          238          31.58        10.24  Stream  TCP      500     10.24  49.902  99         
Trans/s    7485.48    135.71       89           614          115          193          295          43.65        9.26  Stream  TCP      500     9.26  52.282  99         
Trans/s    7090.25    143.47       88           603          134          205          296          45.26        9.67  Stream  TCP      500     9.67  57.707  99         
Trans/s    7773.46    131.44       93           575          111          176          316          44.59        8.23  Stream  TCP      500     8.23  46.389  99         
Trans/s    7863.24    130.23       88           2369         109          179          309          50.46        8.23  Stream  TCP      500     8.23  44.225  99         
Trans/s    6259.22    165.26       90           675          136          281          368          72.00        11.10  Stream  TCP      500     11.10  76.186  99         
Trans/s    6835.74    154.07       89           6952         110          275          363          103.31       10.28  Stream  TCP      500     10.28  67.039  99         
Trans/s    8021.50    127.65       91           488          109          176          304          41.86        9.06  Stream  TCP      500     9.06  48.943  99         
Trans/s    7584.77    136.15       91           653          109          183          322          50.31        10.39  Stream  TCP      500     10.39  59.479  99         
Trans/s    6687.62    152.88       86           657          150          229          352          56.21        11.44  Stream  TCP      500     11.44  71.161  99         
Trans/s    7187.72    150.41       87           540          109          274          365          71.82        9.37  Stream  TCP      500     9.37  62.040  99         
Trans/s    7660.39    135.46       90           637          109          185          337          49.57        10.97  Stream  TCP      500     10.97  63.058  99         
Trans/s    7671.30    136.06       86           1379         108          214          363          59.04        9.64  Stream  TCP      500     9.64  56.016  99         
Trans/s    7157.80    142.08       91           547          126          195          334          47.42        9.91  Stream  TCP      500     9.91  57.471  99         
Trans/s    7114.13    145.54       92           557          142          198          343          50.66        10.95  Stream  TCP      500     10.95  64.239  99         
Trans/s    7557.14    134.24       92           540          119          181          263          36.59        8.37  Stream  TCP      500     8.37  45.916  99         
Trans/s    6883.33    153.31       85           664          132          244          365          64.26        10.16  Stream  TCP      500     10.16  65.762  99         
Trans/s    7793.18    134.75       89           1100         112          194          361          55.72        8.22  Stream  TCP      500     8.22  47.634  99         
