MIGRATED TCP REQUEST/RESPONSE TEST from 0.0.0.0 (0.0.0.0) port 0 AF_INET to 10.69.0.3 (10.69.0) port 0 AF_INET : +/-2.500% @ 99% conf.  : nodelay : first burst 0
Throughput Throughput Mean         Minimum      Maximum      50th         90th         99th         Stddev       Local Socket  Protocol Request Local Local   Confidence 
Units                 Latency      Latency      Latency      Percentile   Percentile   Percentile   Latency      CPU   Type             Size    CPU   Service Level      
                      Microseconds Microseconds Microseconds Latency      Latency      Latency      Microseconds Util                   Bytes   Util  Demand  Percent    
                                                             Microseconds Microseconds Microseconds              %                              %                        
Trans/s    6421.32    158.72       99           513          143          218          310          47.37        8.43  Stream  TCP      1000    8.43  56.455  99         
Trans/s    6050.69    166.69       99           678          164          226          314          47.85        9.31  Stream  TCP      1000    9.31  63.680  99         
Trans/s    6660.37    153.90       100          702          124          233          370          58.43        9.03  Stream  TCP      1000    9.03  57.631  99         
Trans/s    6706.98    153.50       101          693          130          209          317          47.86        8.43  Stream  TCP      1000    8.43  54.489  99         
Trans/s    7037.71    146.14       99           927          123          212          369          56.19        9.78  Stream  TCP      1000    9.78  58.560  99         
Trans/s    6530.41    158.53       100          599          128          250          362          59.62        9.83  Stream  TCP      1000    9.83  65.556  99         
Trans/s    6328.22    168.98       100          686          128          284          379          73.52        9.18  Stream  TCP      1000    9.18  67.973  99         
Trans/s    7271.73    142.64       100          1277         119          210          346          52.80        8.21  Stream  TCP      1000    8.21  51.512  99         
Trans/s    6642.93    158.15       99           709          126          253          369          62.18        8.64  Stream  TCP      1000    8.64  60.158  99         
Trans/s    6296.73    166.38       101          656          160          249          353          58.23        10.28  Stream  TCP      1000    10.28  72.348  99         
Trans/s    7829.03    127.87       99           534          118          168          221          26.37        6.77  Stream  TCP      1000    6.77  34.676  99         
Trans/s    6967.57    150.75       100          1397         119          226          350          58.75        8.46  Stream  TCP      1000    8.46  55.853  99         
Trans/s    6274.83    168.06       100          676          137          275          375          67.08        10.20  Stream  TCP      1000    10.20  73.689  99         
Trans/s    6813.01    153.29       100          557          120          248          371          63.36        7.68  Stream  TCP      1000    7.68  50.061  99         
Trans/s    6399.86    159.28       99           596          137          236          356          55.00        9.50  Stream  TCP      1000    9.50  65.882  99         
Trans/s    6068.18    169.32       100          512          163          232          329          50.52        10.46  Stream  TCP      1000    10.46  73.403  99         
Trans/s    7558.54    136.01       99           532          119          180          362          45.66        7.34  Stream  TCP      1000    7.34  42.123  99         
Trans/s    7288.39    139.44       99           1972         123          193          250          40.81        11.90  Stream  TCP      1000    11.90  65.473  99         
Trans/s    5946.06    173.50       102          687          163          270          377          62.87        10.25  Stream  TCP      1000    10.25  73.082  99         
Trans/s    6253.65    164.25       100          3973         139          251          360          69.95        9.88  Stream  TCP      1000    9.88  68.813  99         
Trans/s    5110.12    199.68       101          6765         183          305          396          99.04        12.40  Stream  TCP      1000    12.40  101.409  99         
Trans/s    5898.03    171.77       101          616          162          247          347          53.54        9.64  Stream  TCP      1000    9.64  67.885  99         
Trans/s    6015.58    170.41       109          635          169          248          357          54.60        10.30  Stream  TCP      1000    10.30  73.731  99         
Trans/s    6539.38    155.94       100          1888         129          230          358          58.17        10.23  Stream  TCP      1000    10.23  65.320  99         
Trans/s    6331.38    168.04       106          697          131          275          391          69.11        9.65  Stream  TCP      1000    9.65  70.064  99         
Trans/s    6184.02    172.62       107          649          142          281          380          70.48        9.99  Stream  TCP      1000    9.99  74.736  99         
Trans/s    6756.42    156.67       102          733          125          245          366          59.93        8.47  Stream  TCP      1000    8.47  58.755  99         
Trans/s    6288.87    172.55       99           675          129          287          374          73.88        9.70  Stream  TCP      1000    9.70  74.074  99         
Trans/s    6888.80    148.15       105          595          126          198          322          45.07        8.11  Stream  TCP      1000    8.11  50.322  99         
Trans/s    6024.75    179.77       112          9178         148          287          386          115.20       10.41  Stream  TCP      1000    10.41  82.324  99         
Trans/s    5647.98    188.36       107          689          171          304          407          78.03        10.66  Stream  TCP      1000    10.66  86.214  99         
Trans/s    6334.26    165.94       105          682          155          248          372          59.71        9.39  Stream  TCP      1000    9.39  67.911  99         
Trans/s    5929.66    171.95       106          672          163          259          365          58.37        10.10  Stream  TCP      1000    10.10  71.216  99         
Trans/s    6075.18    169.47       103          674          163          239          357          55.21        10.33  Stream  TCP      1000    10.33  73.671  99         
Trans/s    5741.60    179.68       106          655          173          276          369          64.60        10.20  Stream  TCP      1000    10.20  77.636  99         
Trans/s    6728.96    159.79       104          1931         124          277          376          70.95        9.85  Stream  TCP      1000    9.85  68.486  99         
Trans/s    6140.80    168.36       106          635          160          243          348          55.13        10.11  Stream  TCP      1000    10.11  71.587  99         
Trans/s    5604.82    183.27       106          672          165          286          380          71.63        10.55  Stream  TCP      1000    10.55  80.939  99         
Trans/s    7117.22    142.52       105          646          124          189          288          38.42        8.08  Stream  TCP      1000    8.08  48.182  99         
Trans/s    6274.71    165.29       107          723          133          263          372          64.17        10.09  Stream  TCP      1000    10.09  69.941  99         
Trans/s    7270.35    141.52       100          623          119          198          336          48.71        6.58  Stream  TCP      1000    6.58  39.857  99         
Trans/s    7484.60    133.57       99           517          122          169          239          28.56        8.77  Stream  TCP      1000    8.77  47.349  99         
Trans/s    6474.82    160.15       102          1176         138          231          364          56.34        7.77  Stream  TCP      1000    7.77  54.119  99         
Trans/s    6415.84    167.42       105          619          128          285          388          71.84        9.07  Stream  TCP      1000    9.07  66.492  99         
Trans/s    6906.90    149.35       102          648          121          219          352          53.93        8.80  Stream  TCP      1000    8.80  55.664  99         
Trans/s    5586.67    181.09       100          667          172          276          370          64.54        11.28  Stream  TCP      1000    11.28  83.027  99         
Trans/s    6407.18    163.31       103          665          127          270          374          65.67        9.31  Stream  TCP      1000    9.31  65.991  99         
Trans/s    6378.44    161.46       105          6015         139          253          369          84.51        10.03  Stream  TCP      1000    10.03  67.329  99         
Trans/s    6300.61    165.18       107          663          151          241          364          56.57        8.52  Stream  TCP      1000    8.52  61.215  99         
Trans/s    7126.50    145.09       103          646          122          200          336          47.91        7.22  Stream  TCP      1000    7.22  44.870  99         
Trans/s    6562.67    154.83       102          386          143          202          315          43.13        7.57  Stream  TCP      1000    7.57  48.792  99         
Trans/s    5771.60    176.93       105          654          174          246          333          50.94        10.86  Stream  TCP      1000    10.86  79.089  99         
Trans/s    5660.76    182.25       107          684          174          274          342          58.27        11.20  Stream  TCP      1000    11.20  83.644  99         
Trans/s    6878.16    150.62       108          10376        124          230          367          116.81       9.35  Stream  TCP      1000    9.35  59.847  99         
Trans/s    6333.56    167.16       106          950          129          278          376          68.60        8.81  Stream  TCP      1000    8.81  65.875  99         
Trans/s    5809.77    178.58       105          571          172          270          362          59.03        10.65  Stream  TCP      1000    10.65  80.610  99         
Trans/s    5185.93    202.18       104          698          186          299          381          72.20        12.12  Stream  TCP      1000    12.12  100.597  99         
Trans/s    5449.21    187.18       104          7085         179          270          356          89.41        11.58  Stream  TCP      1000    11.58  89.240  99         
Trans/s    6724.42    153.73       107          715          127          219          317          50.94        8.06  Stream  TCP      1000    8.06  53.352  99         
Trans/s    6820.03    149.01       106          1285         127          210          311          46.24        9.81  Stream  TCP      1000    9.81  60.317  99         
Trans/s    6028.36    174.02       106          633          158          282          398          70.14        10.94  Stream  TCP      1000    10.94  81.120  99         
Trans/s    6198.90    166.41       104          688          150          244          368          57.48        9.30  Stream  TCP      1000    9.30  64.838  99         
Trans/s    7123.56    145.92       107          686          119          230          368          57.25        7.26  Stream  TCP      1000    7.26  44.407  99         
Trans/s    6191.48    167.07       105          672          133          273          377          65.08        10.21  Stream  TCP      1000    10.21  70.991  99         
Trans/s    6072.82    176.35       109          9504         153          280          378          116.18       10.83  Stream  TCP      1000    10.83  84.502  99         
Trans/s    7571.69    131.82       109          1263         126          155          202          22.72        9.94  Stream  TCP      1000    9.94  52.393  99         
Trans/s    7590.36    132.03       107          1694         123          164          197          26.23        7.19  Stream  TCP      1000    7.19  38.265  99         
Trans/s    6434.43    160.62       107          639          153          218          311          46.45        9.77  Stream  TCP      1000    9.77  67.766  99         
Trans/s    5649.44    181.30       107          629          174          263          368          59.19        10.43  Stream  TCP      1000    10.43  78.549  99         
Trans/s    5726.49    176.94       103          3812         176          243          337          59.84        11.31  Stream  TCP      1000    11.31  82.262  99         
Trans/s    5801.24    181.14       106          669          167          291          395          72.35        9.93  Stream  TCP      1000    9.93  75.614  99         
Trans/s    7104.98    144.71       101          1124         124          195          343          47.01        8.87  Stream  TCP      1000    8.87  53.899  99         
Trans/s    6772.88    151.45       107          988          127          215          361          51.17        7.76  Stream  TCP      1000    7.76  50.199  99         
Trans/s    5526.23    187.74       108          680          174          289          378          69.91        10.89  Stream  TCP      1000    10.89  85.416  99         
Trans/s    5806.81    180.95       105          633          171          285          379          67.65        10.71  Stream  TCP      1000    10.71  81.751  99         
Trans/s    6495.10    162.36       108          718          136          256          369          61.12        9.85  Stream  TCP      1000    9.85  68.752  99         
Trans/s    6314.59    161.11       106          6978         145          216          341          84.50        8.31  Stream  TCP      1000    8.31  55.037  99         
Trans/s    6860.77    149.14       106          633          126          207          364          52.78        10.14  Stream  TCP      1000    10.14  60.876  99         
Trans/s    7335.30    137.15       104          548          123          186          233          30.28        6.56  Stream  TCP      1000    6.56  35.995  99         
Trans/s    6888.72    147.61       103          427          135          194          275          35.98        7.49  Stream  TCP      1000    7.49  46.353  99         
Trans/s    6491.95    160.56       106          708          141          243          374          58.61        8.81  Stream  TCP      1000    8.81  59.912  99         
Trans/s    7316.30    136.95       110          2944         127          175          240          38.94        10.80  Stream  TCP      1000    10.80  59.088  99         
Trans/s    7648.78    132.24       108          523          123          155          292          32.45        21.46  Stream  TCP      1000    21.46  111.218  99         
Trans/s    6833.13    148.33       100          546          129          191          296          40.87        9.26  Stream  TCP      1000    9.26  58.233  99         
Trans/s    7113.04    142.26       105          1086         122          211          304          44.07        8.92  Stream  TCP      1000    8.92  52.012  99         
Trans/s    5516.36    186.55       107          637          175          286          370          65.32        11.96  Stream  TCP      1000    11.96  90.366  99         
Trans/s    5722.16    181.04       105          1261         169          278          375          66.24        10.50  Stream  TCP      1000    10.50  77.906  99         
Trans/s    6337.82    164.96       107          626          132          261          372          65.39        8.18  Stream  TCP      1000    8.18  58.457  99         
Trans/s    6564.22    159.57       111          818          126          245          371          61.93        8.82  Stream  TCP      1000    8.82  59.489  99         
Trans/s    6809.42    150.94       102          664          125          208          360          52.81        7.60  Stream  TCP      1000    7.60  48.090  99         
Trans/s    6887.39    147.84       102          544          129          198          297          40.69        10.10  Stream  TCP      1000    10.10  60.310  99         
Trans/s    6802.00    150.15       102          3713         125          215          336          61.62        10.30  Stream  TCP      1000    10.30  64.017  99         
Trans/s    7496.97    136.93       101          479          119          187          352          43.75        6.19  Stream  TCP      1000    6.19  36.272  99         
Trans/s    6348.90    165.07       105          726          141          264          375          63.93        9.49  Stream  TCP      1000    9.49  68.200  99         
Trans/s    5869.80    174.66       107          727          165          259          367          59.04        9.38  Stream  TCP      1000    9.38  68.571  99         
Trans/s    6491.05    161.23       106          3930         128          260          368          74.06        10.88  Stream  TCP      1000    10.88  73.337  99         
Trans/s    6566.84    159.59       101          766          126          255          374          63.44        9.65  Stream  TCP      1000    9.65  65.093  99         
Trans/s    6456.35    160.18       108          650          133          232          368          58.93        11.52  Stream  TCP      1000    11.52  74.845  99         
Trans/s    6173.41    164.39       108          593          159          219          337          51.69        9.91  Stream  TCP      1000    9.91  67.608  99         
Trans/s    7222.23    141.36       103          7011         120          194          331          81.78        8.69  Stream  TCP      1000    8.69  50.820  99         
