MIGRATED TCP REQUEST/RESPONSE TEST from 0.0.0.0 (0.0.0.0) port 0 AF_INET to 10.69.0.3 (10.69.0) port 0 AF_INET : +/-2.500% @ 99% conf.  : nodelay : first burst 0
Throughput Throughput Mean         Minimum      Maximum      50th         90th         99th         Stddev       Local  Socket  Protocol Request Local  Local   Confidence 
Units                 Latency      Latency      Latency      Percentile   Percentile   Percentile   Latency      CPU    Type             Size    CPU    Service Level      
                      Microseconds Microseconds Microseconds Latency      Latency      Latency      Microseconds Util                    Bytes   Util   Demand  Percent    
                                                             Microseconds Microseconds Microseconds              %                               %                         
Trans/s    9020.75    115.19       79           633          91           165          312          45.93        10.29  Stream  TCP      1       10.29  50.311  99         
Trans/s    8850.59    114.55       80           4199         95           156          288          58.21        11.32  Stream  TCP      1       11.32  54.218  99         
Trans/s    9234.55    111.17       73           646          90           156          332          45.43        10.45  Stream  TCP      1       10.45  47.873  99         
Trans/s    9053.80    114.42       80           597          92           155          335          45.30        10.37  Stream  TCP      1       10.37  50.145  99         
Trans/s    7299.78    143.86       77           633          131          253          357          69.93        12.26  Stream  TCP      1       12.26  76.618  99         
Trans/s    9154.02    112.14       74           574          94           149          261          37.26        8.80  Stream  TCP      1       8.80  41.372  99         
Trans/s    8854.70    119.64       80           640          95           187          345          53.21        10.55  Stream  TCP      1       10.55  54.419  99         
Trans/s    9211.25    112.20       76           2945         93           151          277          48.86        9.32  Stream  TCP      1       9.32  44.558  99         
Trans/s    10174.58   98.46        75           351          89           117          200          21.56        10.24  Stream  TCP      1       10.24  40.892  99         
Trans/s    8570.67    119.27       74           571          99           159          291          42.23        11.83  Stream  TCP      1       11.83  58.671  99         
Trans/s    9667.19    104.88       73           626          91           147          218          30.78        8.29  Stream  TCP      1       8.29  36.791  99         
Trans/s    8495.14    119.97       80           539          103          163          207          35.93        11.47  Stream  TCP      1       11.47  57.803  99         
Trans/s    8474.64    122.50       79           565          104          184          313          48.34        10.77  Stream  TCP      1       10.77  56.531  99         
Trans/s    10350.26   96.46        72           441          91           111          182          18.45        8.14  Stream  TCP      1       8.14  31.910  99         
Trans/s    10414.75   95.77        75           678          91           108          192          19.51        7.10  Stream  TCP      1       7.10  27.266  99         
Trans/s    10166.76   98.18        76           381          93           115          196          20.82        7.99  Stream  TCP      1       7.99  31.548  99         
Trans/s    9028.28    115.92       81           509          95           158          323          46.25        9.47  Stream  TCP      1       9.47  46.731  99         
Trans/s    10296.77   96.99        75           1282         92           111          189          23.15        10.03  Stream  TCP      1       10.03  39.301  99         
Trans/s    8171.37    126.54       81           528          116          167          303          44.28        13.01  Stream  TCP      1       13.01  69.185  99         
Trans/s    8652.65    122.67       74           556          101          180          350          51.50        10.53  Stream  TCP      1       10.53  57.030  99         
Trans/s    9192.26    110.31       79           510          93           158          230          35.13        8.80  Stream  TCP      1       8.80  40.314  99         
Trans/s    9047.05    115.40       76           544          93           158          320          46.78        9.39  Stream  TCP      1       9.39  46.136  99         
Trans/s    9436.91    112.33       79           945          89           170          331          49.44        9.06  Stream  TCP      1       9.06  45.537  99         
Trans/s    9533.87    108.17       73           9384         93           142          268          99.13        8.82  Stream  TCP      1       8.82  40.285  99         
Trans/s    9118.06    111.76       73           524          98           149          305          41.15        10.71  Stream  TCP      1       10.71  49.025  99         
Trans/s    9089.95    112.34       73           2226         94           158          312          51.69        9.03  Stream  TCP      1       9.03  42.509  99         
Trans/s    9516.79    106.41       73           543          94           148          232          31.51        12.58  Stream  TCP      1       12.58  54.766  99         
Trans/s    8889.10    118.95       75           436          100          173          345          50.44        9.73  Stream  TCP      1       9.73  50.133  99         
Trans/s    8308.97    130.44       75           568          104          231          359          64.40        11.29  Stream  TCP      1       11.29  63.724  99         
Trans/s    9348.95    110.96       74           528          93           155          316          43.44        9.03  Stream  TCP      1       9.03  43.238  99         
Trans/s    8928.30    122.59       74           661          95           219          349          61.84        9.54  Stream  TCP      1       9.54  51.181  99         
Trans/s    8510.27    121.40       75           679          101          166          266          41.30        11.32  Stream  TCP      1       11.32  58.582  99         
Trans/s    8287.87    122.99       76           543          102          174          316          47.36        11.21  Stream  TCP      1       11.21  57.222  99         
Trans/s    9305.42    109.14       80           630          94           149          248          35.99        9.14  Stream  TCP      1       9.14  41.931  99         
Trans/s    9430.25    110.22       78           640          93           152          288          39.65        11.42  Stream  TCP      1       11.42  53.252  99         
Trans/s    9195.24    112.42       75           680          93           157          261          39.49        8.91  Stream  TCP      1       8.91  43.141  99         
Trans/s    9192.76    109.41       78           535          94           154          222          34.12        8.30  Stream  TCP      1       8.30  37.533  99         
Trans/s    9866.89    101.33       75           341          94           121          202          23.38        8.77  Stream  TCP      1       8.77  35.886  99         
Trans/s    8381.57    122.83       80           688          103          174          297          46.55        11.48  Stream  TCP      1       11.48  58.445  99         
Trans/s    9652.21    104.32       72           415          93           144          202          27.63        8.67  Stream  TCP      1       8.67  37.388  99         
Trans/s    9735.15    103.41       70           424          95           144          203          25.64        9.23  Stream  TCP      1       9.23  39.450  99         
Trans/s    10195.46   97.96        72           427          95           111          168          18.04        8.33  Stream  TCP      1       8.33  33.045  99         
Trans/s    8261.26    126.62       71           689          98           195          355          55.86        11.15  Stream  TCP      1       11.15  59.712  99         
Trans/s    10190.50   97.95        72           6268         90           115          183          65.15        10.10  Stream  TCP      1       10.10  39.747  99         
Trans/s    8486.47    123.29       72           540          103          176          338          51.57        10.56  Stream  TCP      1       10.56  55.840  99         
Trans/s    9441.36    107.70       72           654          91           148          259          37.10        9.73  Stream  TCP      1       9.73  42.646  99         
Trans/s    9270.01    111.08       71           625          92           156          263          40.33        9.49  Stream  TCP      1       9.49  44.510  99         
Trans/s    8756.97    120.03       70           6920         93           191          352          89.50        10.67  Stream  TCP      1       10.67  54.358  99         
Trans/s    8679.98    119.84       71           543          98           171          310          49.36        10.26  Stream  TCP      1       10.26  52.122  99         
Trans/s    9524.46    106.97       73           772          91           155          211          32.15        9.82  Stream  TCP      1       9.82  44.223  99         
Trans/s    10311.38   97.35        71           514          88           132          187          23.31        7.37  Stream  TCP      1       7.37  29.139  99         
Trans/s    9133.91    111.34       72           869          91           156          231          37.04        9.95  Stream  TCP      1       9.95  45.643  99         
Trans/s    10368.00   97.49        72           937          89           132          184          23.84        10.79  Stream  TCP      1       10.79  43.558  99         
Trans/s    10789.76   92.59        71           339          88           107          182          17.18        6.62  Stream  TCP      1       6.62  24.820  99         
Trans/s    8535.24    120.99       71           616          90           193          354          58.62        10.42  Stream  TCP      1       10.42  52.277  99         
Trans/s    9871.42    103.80       73           605          87           149          314          41.68        9.08  Stream  TCP      1       9.08  39.824  99         
Trans/s    8521.79    119.30       72           7306         106          159          206          79.33        11.21  Stream  TCP      1       11.21  55.292  99         
Trans/s    9661.65    105.54       77           499          94           135          280          36.31        7.85  Stream  TCP      1       7.85  35.143  99         
Trans/s    8830.30    120.87       74           648          92           204          347          61.01        9.78  Stream  TCP      1       9.78  52.361  99         
Trans/s    8889.40    118.54       80           617          94           173          355          51.24        9.94  Stream  TCP      1       9.94  49.799  99         
Trans/s    9932.71    101.85       81           834          95           118          259          30.56        9.01  Stream  TCP      1       9.01  37.660  99         
Trans/s    9360.31    107.86       74           2564         93           151          198          42.05        10.22  Stream  TCP      1       10.22  44.832  99         
Trans/s    9505.14    107.41       74           539          92           151          209          32.51        10.04  Stream  TCP      1       10.04  45.549  99         
Trans/s    10286.07   97.48        81           466          90           120          176          18.57        7.60  Stream  TCP      1       7.60  30.357  99         
Trans/s    9996.01    103.23       82           578          89           143          287          37.96        7.16  Stream  TCP      1       7.16  33.136  99         
Trans/s    9556.65    107.03       80           501          94           155          197          29.03        8.71  Stream  TCP      1       8.71  39.940  99         
Trans/s    9320.07    110.56       80           570          93           158          331          45.47        7.86  Stream  TCP      1       7.86  37.782  99         
Trans/s    9317.23    109.80       81           677          95           149          276          39.20        9.46  Stream  TCP      1       9.46  43.356  99         
Trans/s    10001.88   100.94       72           496          89           125          229          29.73        8.09  Stream  TCP      1       8.09  33.148  99         
Trans/s    10438.57   96.93        75           404          89           110          229          26.68        7.80  Stream  TCP      1       7.80  31.308  99         
Trans/s    9109.63    113.32       73           563          94           158          331          45.39        10.94  Stream  TCP      1       10.94  53.188  99         
Trans/s    10434.81   95.66        79           456          88           111          194          20.42        10.02  Stream  TCP      1       10.02  38.624  99         
Trans/s    10166.09   100.86       75           446          89           116          299          37.69        7.04  Stream  TCP      1       7.04  30.971  99         
Trans/s    8574.03    120.92       80           536          96           173          299          46.46        11.04  Stream  TCP      1       11.04  56.840  99         
Trans/s    10333.51   96.91        75           500          89           115          179          19.50        7.50  Stream  TCP      1       7.50  30.104  99         
Trans/s    8722.86    117.67       78           638          94           174          330          48.52        10.10  Stream  TCP      1       10.10  49.459  99         
Trans/s    9540.82    109.33       74           948          93           150          337          46.39        8.84  Stream  TCP      1       8.84  42.178  99         
Trans/s    9739.23    105.89       75           553          92           145          240          34.76        7.48  Stream  TCP      1       7.48  35.755  99         
Trans/s    9287.99    112.47       75           597          92           166          338          49.42        8.42  Stream  TCP      1       8.42  41.419  99         
Trans/s    10308.28   96.86        76           2886         89           113          186          33.86        7.47  Stream  TCP      1       7.47  29.228  99         
Trans/s    9662.78    108.07       75           553          94           145          338          45.39        10.77  Stream  TCP      1       10.77  49.701  99         
Trans/s    8634.37    123.75       79           673          101          204          347          58.88        9.33  Stream  TCP      1       9.33  51.332  99         
Trans/s    8334.90    126.37       73           1664         98           189          350          58.46        11.16  Stream  TCP      1       11.16  60.858  99         
Trans/s    8680.05    118.68       75           656          101          158          205          33.59        10.92  Stream  TCP      1       10.92  55.417  99         
Trans/s    8976.30    116.15       82           507          93           170          305          45.53        10.61  Stream  TCP      1       10.61  53.838  99         
Trans/s    8409.12    126.30       80           622          104          193          350          52.34        11.10  Stream  TCP      1       11.10  61.393  99         
Trans/s    8333.99    127.99       75           531          96           220          361          63.28        10.64  Stream  TCP      1       10.64  58.058  99         
Trans/s    9213.05    112.48       80           649          94           159          275          40.76        9.45  Stream  TCP      1       9.45  44.960  99         
Trans/s    9165.77    110.40       74           436          100          150          265          35.01        9.16  Stream  TCP      1       9.16  41.560  99         
Trans/s    9353.62    108.00       73           558          94           149          225          32.04        11.15  Stream  TCP      1       11.15  49.058  99         
Trans/s    8914.98    114.75       74           6776         94           155          209          78.57        10.35  Stream  TCP      1       10.35  49.976  99         
Trans/s    9198.67    111.70       74           538          94           153          255          36.42        9.81  Stream  TCP      1       9.81  46.897  99         
Trans/s    10001.33   104.09       73           929          88           144          341          45.67        8.63  Stream  TCP      1       8.63  38.564  99         
Trans/s    9565.07    108.27       75           586          93           148          318          43.03        9.94  Stream  TCP      1       9.94  45.469  99         
Trans/s    9409.78    108.38       81           553          93           136          293          38.02        8.69  Stream  TCP      1       8.69  40.526  99         
Trans/s    8541.01    119.64       77           672          102          165          283          41.12        10.94  Stream  TCP      1       10.94  54.456  99         
Trans/s    8465.08    120.74       82           626          96           175          337          50.26        10.48  Stream  TCP      1       10.48  52.772  99         
Trans/s    9491.39    106.47       76           645          93           145          287          38.45        9.63  Stream  TCP      1       9.63  42.187  99         
Trans/s    10847.04   91.90        73           291          88           104          172          14.41        8.92  Stream  TCP      1       8.92  32.935  99         
Trans/s    10264.82   97.50        75           509          89           118          181          20.09        8.93  Stream  TCP      1       8.93  35.033  99         
