MIGRATED TCP REQUEST/RESPONSE TEST from 0.0.0.0 (0.0.0.0) port 0 AF_INET to 10.69.0.3 (10.69.0) port 0 AF_INET : +/-2.500% @ 99% conf.  : nodelay : first burst 0
Throughput Throughput Mean         Minimum      Maximum      50th         90th         99th         Stddev       Local Socket  Protocol Request Local Local   Confidence 
Units                 Latency      Latency      Latency      Percentile   Percentile   Percentile   Latency      CPU   Type             Size    CPU   Service Level      
                      Microseconds Microseconds Microseconds Latency      Latency      Latency      Microseconds Util                   Bytes   Util  Demand  Percent    
                                                             Microseconds Microseconds Microseconds              %                              %                        
Trans/s    5601.76    178.87       126          619          172          226          311          37.06        9.76  Stream  TCP      1500    9.76  70.880  99         
Trans/s    5637.34    177.44       127          725          173          214          264          28.54        10.13  Stream  TCP      1500    10.13  71.640  99         
Trans/s    5111.72    198.42       128          2050         181          281          368          57.83        11.28  Stream  TCP      1500    11.28  92.183  99         
Trans/s    5346.88    190.33       127          728          178          250          374          49.65        10.34  Stream  TCP      1500    10.34  82.053  99         
Trans/s    5786.18    173.40       130          634          160          217          311          33.71        9.26  Stream  TCP      1500    9.26  66.140  99         
Trans/s    4845.33    208.21       136          560          204          263          348          46.80        12.85  Stream  TCP      1500    12.85  110.529  99         
Trans/s    5191.76    195.43       136          661          184          261          343          47.23        12.47  Stream  TCP      1500    12.47  100.678  99         
Trans/s    5600.55    179.62       127          2153         172          225          327          42.06        10.21  Stream  TCP      1500    10.21  74.843  99         
Trans/s    5895.56    169.68       131          511          164          204          232          22.91        8.24  Stream  TCP      1500    8.24  56.446  99         
Trans/s    5090.18    199.18       123          1098         188          262          365          51.71        12.68  Stream  TCP      1500    12.68  105.501  99         
Trans/s    4754.54    217.80       124          801          207          309          432          64.89        13.61  Stream  TCP      1500    13.61  122.416  99         
Trans/s    5704.66    175.29       124          1055         169          212          258          28.95        9.58  Stream  TCP      1500    9.58  67.956  99         
Trans/s    5639.06    182.40       130          1322         163          244          368          48.55        10.93  Stream  TCP      1500    10.93  84.066  99         
Trans/s    5636.00    177.28       133          1485         170          211          255          30.85        9.76  Stream  TCP      1500    9.76  69.505  99         
Trans/s    5146.96    197.00       135          939          186          263          338          46.40        11.97  Stream  TCP      1500    11.97  97.017  99         
Trans/s    5744.43    174.04       134          401          171          209          237          23.19        8.32  Stream  TCP      1500    8.32  58.264  99         
Trans/s    5413.03    187.13       128          1445         179          239          306          41.09        10.55  Stream  TCP      1500    10.55  82.192  99         
Trans/s    5211.23    196.74       129          4016         177          291          353          66.73        12.60  Stream  TCP      1500    12.60  102.487  99         
Trans/s    6062.35    165.04       124          380          158          196          228          22.15        8.01  Stream  TCP      1500    8.01  53.283  99         
Trans/s    5680.22    175.79       127          1890         173          211          238          30.21        8.59  Stream  TCP      1500    8.59  60.637  99         
Trans/s    4682.04    218.76       127          770          205          316          376          59.86        12.90  Stream  TCP      1500    12.90  118.939  99         
Trans/s    5702.74    175.79       133          565          166          217          303          34.80        9.57  Stream  TCP      1500    9.57  68.104  99         
Trans/s    5598.97    179.23       128          1279         173          222          286          34.81        10.61  Stream  TCP      1500    10.61  77.488  99         
Trans/s    5465.36    184.87       134          608          176          236          321          38.06        11.23  Stream  TCP      1500    11.23  84.182  99         
Trans/s    5072.25    199.73       139          639          187          277          335          49.69        12.41  Stream  TCP      1500    12.41  101.659  99         
Trans/s    5654.70    177.36       127          4929         173          214          277          56.38        9.34  Stream  TCP      1500    9.34  67.255  99         
Trans/s    4924.70    210.45       129          5967         188          317          385          87.75        13.00  Stream  TCP      1500    13.00  115.547  99         
Trans/s    5313.21    192.12       130          645          175          267          352          52.20        11.28  Stream  TCP      1500    11.28  91.317  99         
Trans/s    6047.16    165.21       126          1231         157          198          227          24.59        9.08  Stream  TCP      1500    9.08  59.853  99         
Trans/s    5734.09    174.47       129          586          167          206          244          24.35        9.90  Stream  TCP      1500    9.90  69.292  99         
Trans/s    5655.85    178.70       132          1083         165          219          354          40.99        10.31  Stream  TCP      1500    10.31  75.236  99         
Trans/s    5111.50    197.15       128          713          188          257          342          43.29        12.41  Stream  TCP      1500    12.41  100.475  99         
Trans/s    5306.38    188.13       134          561          185          228          272          30.00        10.63  Stream  TCP      1500    10.63  80.311  99         
Trans/s    5593.85    179.31       138          547          171          221          277          31.99        11.95  Stream  TCP      1500    11.95  84.495  99         
Trans/s    5458.59    186.33       126          7176         177          229          334          82.46        10.81  Stream  TCP      1500    10.81  82.854  99         
Trans/s    5789.40    172.45       124          468          165          207          243          24.71        9.75  Stream  TCP      1500    9.75  67.401  99         
Trans/s    5448.70    184.29       127          675          175          229          343          41.10        10.36  Stream  TCP      1500    10.36  77.974  99         
Trans/s    4894.90    208.66       131          710          193          300          359          56.33        11.43  Stream  TCP      1500    11.43  99.924  99         
Trans/s    5538.72    182.92       132          627          168          237          340          43.84        10.86  Stream  TCP      1500    10.86  82.873  99         
Trans/s    5853.93    170.85       133          496          161          208          260          26.63        9.64  Stream  TCP      1500    9.64  65.995  99         
Trans/s    5089.95    196.68       124          640          197          245          322          42.23        13.54  Stream  TCP      1500    13.54  108.049  99         
Trans/s    5907.24    169.31       123          944          162          206          257          27.32        8.67  Stream  TCP      1500    8.67  58.638  99         
Trans/s    5852.22    170.66       128          558          163          205          243          23.26        8.61  Stream  TCP      1500    8.61  59.067  99         
Trans/s    4683.26    217.33       125          1174         207          309          357          58.05        12.91  Stream  TCP      1500    12.91  115.928  99         
Trans/s    5690.28    179.06       126          662          168          223          333          40.33        11.23  Stream  TCP      1500    11.23  81.892  99         
Trans/s    5419.54    186.38       131          604          176          238          328          42.53        10.41  Stream  TCP      1500    10.41  80.261  99         
Trans/s    5176.42    195.52       127          638          192          240          317          41.66        12.81  Stream  TCP      1500    12.81  102.165  99         
Trans/s    5051.26    200.56       126          653          187          278          364          54.26        12.32  Stream  TCP      1500    12.32  101.802  99         
Trans/s    5430.23    185.63       125          492          177          230          335          38.56        9.84  Stream  TCP      1500    9.84  75.073  99         
Trans/s    5672.64    178.06       125          777          166          224          311          39.74        10.55  Stream  TCP      1500    10.55  77.887  99         
Trans/s    3848.99    262.66       129          735          270          327          424          59.08        10.63  Stream  TCP      1500    10.63  110.563  99         
Trans/s    4915.80    207.20       124          567          191          300          372          60.43        13.02  Stream  TCP      1500    13.02  112.323  99         
Trans/s    5039.11    201.13       124          611          188          293          357          55.08        12.76  Stream  TCP      1500    12.76  104.717  99         
Trans/s    5714.71    175.71       125          1242         169          217          276          32.66        10.10  Stream  TCP      1500    10.10  71.831  99         
Trans/s    5808.69    172.11       135          626          163          209          254          27.93        9.82  Stream  TCP      1500    9.82  66.947  99         
Trans/s    5362.71    188.50       124          1379         177          238          364          47.94        10.61  Stream  TCP      1500    10.61  81.057  99         
Trans/s    3551.24    282.66       131          629          284          326          438          49.16        8.16  Stream  TCP      1500    8.16  93.332  99         
Trans/s    3741.43    266.98       137          735          278          310          351          48.20        6.51  Stream  TCP      1500    6.51  69.846  99         
Trans/s    4367.71    239.17       128          723          232          327          424          70.60        12.67  Stream  TCP      1500    12.67  119.430  99         
Trans/s    5263.63    191.48       128          647          183          243          320          42.40        12.66  Stream  TCP      1500    12.66  96.393  99         
Trans/s    5956.41    167.81       125          394          161          202          235          23.86        8.30  Stream  TCP      1500    8.30  55.797  99         
Trans/s    5393.00    188.58       137          7128         173          253          338          83.36        10.85  Stream  TCP      1500    10.85  85.001  99         
Trans/s    5886.46    170.06       127          566          164          204          280          28.40        8.96  Stream  TCP      1500    8.96  61.549  99         
Trans/s    5728.19    175.06       125          607          171          212          273          29.77        9.36  Stream  TCP      1500    9.36  66.893  99         
Trans/s    5350.78    187.82       126          656          179          239          318          40.08        12.50  Stream  TCP      1500    12.50  94.497  99         
Trans/s    5138.94    196.49       128          533          185          259          346          48.33        10.95  Stream  TCP      1500    10.95  88.972  99         
Trans/s    4962.89    203.85       124          721          189          276          348          51.63        11.42  Stream  TCP      1500    11.42  95.724  99         
Trans/s    5069.87    202.79       133          1233         182          311          377          62.60        12.35  Stream  TCP      1500    12.35  106.052  99         
Trans/s    5234.67    197.08       124          630          180          280          369          56.31        10.78  Stream  TCP      1500    10.78  90.717  99         
Trans/s    5071.48    198.79       128          627          192          255          335          44.02        13.03  Stream  TCP      1500    13.03  106.210  99         
Trans/s    5149.93    196.92       125          584          194          256          349          46.64        12.67  Stream  TCP      1500    12.67  101.076  99         
Trans/s    5743.57    174.03       131          2810         170          207          267          37.16        8.62  Stream  TCP      1500    8.62  60.139  99         
Trans/s    5265.29    196.88       133          750          172          284          369          58.93        11.99  Stream  TCP      1500    11.99  102.119  99         
Trans/s    5183.73    194.23       134          6881         182          251          341          88.42        10.57  Stream  TCP      1500    10.57  84.337  99         
Trans/s    5313.98    190.82       127          600          182          245          353          45.11        13.14  Stream  TCP      1500    13.14  103.189  99         
Trans/s    5584.38    179.34       126          547          172          219          329          35.78        9.97  Stream  TCP      1500    9.97  72.286  99         
Trans/s    5238.95    193.92       126          711          188          248          346          46.22        12.96  Stream  TCP      1500    12.96  104.429  99         
Trans/s    5097.56    199.68       130          627          186          281          352          53.59        11.75  Stream  TCP      1500    11.75  97.638  99         
Trans/s    4810.79    211.63       132          714          198          309          364          58.86        12.88  Stream  TCP      1500    12.88  112.933  99         
Trans/s    5825.31    171.70       126          3899         165          204          236          43.82        9.15  Stream  TCP      1500    9.15  63.296  99         
Trans/s    5038.89    201.93       126          5281         185          295          366          79.36        13.71  Stream  TCP      1500    13.71  112.309  99         
Trans/s    5672.18    176.59       132          7239         171          215          272          76.72        9.25  Stream  TCP      1500    9.25  65.762  99         
Trans/s    5375.07    190.20       123          594          178          256          362          47.77        10.09  Stream  TCP      1500    10.09  81.290  99         
Trans/s    5629.80    178.38       132          548          173          216          313          31.79        9.49  Stream  TCP      1500    9.49  69.925  99         
Trans/s    4752.70    217.15       124          750          204          314          367          61.39        12.26  Stream  TCP      1500    12.26  113.625  99         
Trans/s    5378.12    191.48       125          618          173          266          363          54.12        13.19  Stream  TCP      1500    13.19  102.504  99         
Trans/s    5079.98    205.51       127          1820         182          314          366          65.91        11.86  Stream  TCP      1500    11.86  106.091  99         
Trans/s    5932.14    168.38       126          474          161          204          231          23.45        8.98  Stream  TCP      1500    8.98  60.490  99         
Trans/s    5134.56    198.11       124          9566         181          272          370          108.23       13.56  Stream  TCP      1500    13.56  112.276  99         
Trans/s    5966.75    167.88       124          551          159          197          304          29.64        10.02  Stream  TCP      1500    10.02  67.890  99         
Trans/s    5867.69    171.35       124          1304         161          210          289          33.94        11.32  Stream  TCP      1500    11.32  78.225  99         
Trans/s    5555.40    181.50       124          494          173          234          314          39.33        10.87  Stream  TCP      1500    10.87  81.584  99         
Trans/s    5029.54    199.34       136          6916         185          262          345          93.08        12.09  Stream  TCP      1500    12.09  98.172  99         
Trans/s    5118.11    198.55       131          723          198          262          353          48.57        13.49  Stream  TCP      1500    13.49  110.902  99         
Trans/s    5381.48    188.55       128          733          175          246          367          46.80        11.13  Stream  TCP      1500    11.13  87.896  99         
Trans/s    5603.49    178.69       123          725          172          218          289          32.48        10.36  Stream  TCP      1500    10.36  74.839  99         
Trans/s    5890.17    169.83       127          458          164          205          233          23.68        10.40  Stream  TCP      1500    10.40  70.837  99         
Trans/s    5649.93    178.26       133          604          169          219          336          37.10        9.85  Stream  TCP      1500    9.85  72.391  99         
Trans/s    5186.38    198.05       129          7453         182          285          339          90.50        11.83  Stream  TCP      1500    11.83  96.978  99         
Trans/s    4653.89    225.44       133          721          206          336          376          70.84        13.86  Stream  TCP      1500    13.86  130.002  99         
