MIGRATED TCP REQUEST/RESPONSE TEST from 0.0.0.0 (0.0.0.0) port 0 AF_INET to 10.69.0.3 (10.69.0) port 0 AF_INET : +/-2.500% @ 99% conf.  : nodelay : first burst 0
Throughput Throughput Mean         Minimum      Maximum      50th         90th         99th         Stddev       Local Socket  Protocol Request Local Local   Confidence 
Units                 Latency      Latency      Latency      Percentile   Percentile   Percentile   Latency      CPU   Type             Size    CPU   Service Level      
                      Microseconds Microseconds Microseconds Latency      Latency      Latency      Microseconds Util                   Bytes   Util  Demand  Percent    
                                                             Microseconds Microseconds Microseconds              %                              %                        
Trans/s    5659.57    177.82       126          614          170          218          318          36.29        9.27  Stream  TCP      1500    9.27  66.857  99         
Trans/s    5205.06    200.66       130          737          175          297          438          66.14        12.97  Stream  TCP      1500    12.97  104.430  99         
Trans/s    4641.83    231.79       126          5288         202          359          454          99.37        11.41  Stream  TCP      1500    11.41  112.182  99         
Trans/s    5407.00    186.05       126          506          175          233          318          38.53        10.25  Stream  TCP      1500    10.25  78.461  99         
Trans/s    4621.31    221.23       133          732          208          325          380          64.91        14.26  Stream  TCP      1500    14.26  131.165  99         
Trans/s    5235.54    193.16       128          678          180          256          360          49.51        11.82  Stream  TCP      1500    11.82  94.460  99         
Trans/s    5978.61    167.53       122          466          161          203          245          25.47        12.38  Stream  TCP      1500    12.38  81.886  99         
Trans/s    5423.16    185.04       130          628          174          240          322          37.37        10.94  Stream  TCP      1500    10.94  81.850  99         
Trans/s    5193.75    197.39       129          639          183          286          363          52.44        11.56  Stream  TCP      1500    11.56  95.931  99         
Trans/s    5475.24    184.51       125          648          172          243          340          42.69        10.39  Stream  TCP      1500    10.39  79.537  99         
Trans/s    3539.85    282.61       140          1527         283          327          435          50.02        7.11  Stream  TCP      1500    7.11  81.428  99         
Trans/s    3583.35    283.96       136          3879         283          371          458          79.58        12.69  Stream  TCP      1500    12.69  145.335  99         
Trans/s    4969.25    203.51       135          6941         186          285          347          89.72        12.02  Stream  TCP      1500    12.02  101.250  99         
Trans/s    5499.53    184.04       130          539          173          239          335          41.54        9.91  Stream  TCP      1500    9.91  74.806  99         
Trans/s    5694.51    175.74       128          516          171          211          275          27.64        8.93  Stream  TCP      1500    8.93  63.366  99         
Trans/s    4955.45    204.61       128          630          189          297          372          57.23        13.25  Stream  TCP      1500    13.25  111.715  99         
Trans/s    5744.24    177.44       127          943          163          218          375          44.97        12.95  Stream  TCP      1500    12.95  91.320  99         
Trans/s    5406.20    187.58       123          670          178          241          328          43.05        11.46  Stream  TCP      1500    11.46  89.089  99         
Trans/s    5161.12    197.04       128          644          185          259          369          50.50        11.17  Stream  TCP      1500    11.17  92.513  99         
Trans/s    5640.75    177.43       127          622          171          216          278          30.15        9.48  Stream  TCP      1500    9.48  67.892  99         
Trans/s    5463.14    185.84       127          578          171          251          325          42.53        12.06  Stream  TCP      1500    12.06  92.142  99         
Trans/s    5533.91    183.07       135          640          171          230          343          40.86        11.34  Stream  TCP      1500    11.34  84.752  99         
Trans/s    5185.11    197.02       125          1394         183          259          361          54.54        11.45  Stream  TCP      1500    11.45  95.363  99         
Trans/s    5693.03    175.26       138          434          168          209          260          24.78        9.17  Stream  TCP      1500    9.17  64.549  99         
Trans/s    5849.23    170.78       128          581          165          203          229          22.93        8.65  Stream  TCP      1500    8.65  59.252  99         
Trans/s    5393.25    187.80       126          651          178          246          325          41.68        10.93  Stream  TCP      1500    10.93  85.116  99         
Trans/s    5429.40    188.48       126          948          172          263          378          54.41        12.06  Stream  TCP      1500    12.06  93.763  99         
Trans/s    5352.58    188.58       125          530          178          237          351          43.44        10.51  Stream  TCP      1500    10.51  80.982  99         
Trans/s    5657.99    180.61       126          452          164          235          370          47.54        10.12  Stream  TCP      1500    10.12  76.779  99         
Trans/s    5292.97    192.34       128          744          178          249          364          47.23        11.63  Stream  TCP      1500    11.63  92.210  99         
Trans/s    5398.72    188.06       128          666          178          243          323          42.31        10.28  Stream  TCP      1500    10.28  80.587  99         
Trans/s    5012.31    201.65       127          691          190          264          362          49.28        13.21  Stream  TCP      1500    13.21  108.848  99         
Trans/s    5898.22    169.50       131          845          163          203          236          24.73        10.21  Stream  TCP      1500    10.21  69.491  99         
Trans/s    5227.82    197.31       127          7231         180          269          369          89.60        11.42  Stream  TCP      1500    11.42  96.230  99         
Trans/s    5413.93    187.73       124          611          176          247          349          47.94        10.61  Stream  TCP      1500    10.61  81.679  99         
Trans/s    5470.80    186.54       125          754          172          255          366          51.82        11.08  Stream  TCP      1500    11.08  85.837  99         
Trans/s    4620.42    220.33       125          668          211          319          376          62.67        14.43  Stream  TCP      1500    14.43  131.756  99         
Trans/s    5398.89    187.28       122          594          178          245          311          42.71        13.25  Stream  TCP      1500    13.25  99.388  99         
Trans/s    5121.11    196.84       126          717          188          259          338          47.16        11.86  Stream  TCP      1500    11.86  95.238  99         
Trans/s    5664.27    177.50       129          522          167          215          332          35.82        10.34  Stream  TCP      1500    10.34  74.787  99         
Trans/s    4946.63    207.75       126          1518         184          320          374          65.69        12.33  Stream  TCP      1500    12.33  107.473  99         
Trans/s    4917.32    207.57       127          3874         189          303          366          69.77        12.45  Stream  TCP      1500    12.45  106.741  99         
Trans/s    5460.56    183.07       134          413          180          218          259          26.63        11.58  Stream  TCP      1500    11.58  84.625  99         
Trans/s    5744.02    174.39       128          611          171          213          255          28.00        8.68  Stream  TCP      1500    8.68  61.401  99         
Trans/s    5218.91    196.71       132          754          178          276          378          57.36        11.63  Stream  TCP      1500    11.63  97.350  99         
Trans/s    5471.32    183.65       128          615          175          225          298          34.24        10.77  Stream  TCP      1500    10.77  80.205  99         
Trans/s    4855.99    206.12       130          1402         197          282          356          53.88        12.82  Stream  TCP      1500    12.82  106.819  99         
Trans/s    5662.71    177.68       133          675          167          215          349          36.91        10.65  Stream  TCP      1500    10.65  76.388  99         
Trans/s    5050.83    202.69       124          1678         181          306          377          63.40        12.30  Stream  TCP      1500    12.30  104.155  99         
Trans/s    5735.39    174.28       123          563          167          211          282          28.53        9.03  Stream  TCP      1500    9.03  63.330  99         
Trans/s    5241.44    193.95       125          2578         183          256          345          50.64        11.89  Stream  TCP      1500    11.89  96.414  99         
Trans/s    5531.33    184.01       135          573          170          246          344          44.45        10.67  Stream  TCP      1500    10.67  82.655  99         
Trans/s    4782.55    211.41       128          6650         202          298          375          105.27       12.40  Stream  TCP      1500    12.40  107.753  99         
Trans/s    5503.76    183.82       126          4888         172          236          308          63.15        12.61  Stream  TCP      1500    12.61  93.526  99         
Trans/s    5139.98    199.37       127          729          184          268          370          54.42        12.13  Stream  TCP      1500    12.13  101.006  99         
Trans/s    5599.74    181.68       134          698          168          236          344          42.52        10.04  Stream  TCP      1500    10.04  76.931  99         
Trans/s    5298.41    191.98       126          689          180          265          347          49.89        12.17  Stream  TCP      1500    12.17  95.603  99         
Trans/s    5800.54    172.21       130          663          166          207          239          24.31        9.26  Stream  TCP      1500    9.26  63.980  99         
Trans/s    5376.91    191.94       129          611          171          287          372          56.03        11.72  Stream  TCP      1500    11.72  93.104  99         
Trans/s    5839.44    171.66       127          611          162          208          272          30.12        8.50  Stream  TCP      1500    8.50  58.607  99         
Trans/s    5512.67    183.65       122          696          173          240          340          42.77        9.77  Stream  TCP      1500    9.77  73.379  99         
Trans/s    5464.27    184.70       124          584          174          235          313          39.57        10.97  Stream  TCP      1500    10.97  82.363  99         
Trans/s    5181.42    196.41       133          704          181          263          355          51.10        11.16  Stream  TCP      1500    11.16  91.738  99         
Trans/s    5348.19    189.23       131          1803         176          247          331          47.83        12.29  Stream  TCP      1500    12.29  93.889  99         
Trans/s    5364.48    188.59       125          1054         180          241          329          43.97        10.34  Stream  TCP      1500    10.34  79.734  99         
Trans/s    5361.28    187.94       125          1191         177          240          328          44.44        10.39  Stream  TCP      1500    10.39  80.907  99         
Trans/s    4993.94    206.81       131          750          187          306          377          61.71        12.68  Stream  TCP      1500    12.68  110.116  99         
Trans/s    5051.91    204.34       132          744          186          302          384          60.27        12.41  Stream  TCP      1500    12.41  105.978  99         
Trans/s    5099.80    198.21       126          904          190          254          339          47.33        12.53  Stream  TCP      1500    12.53  101.772  99         
Trans/s    5290.05    191.47       129          669          185          242          339          42.99        13.13  Stream  TCP      1500    13.13  102.506  99         
Trans/s    5224.74    195.70       124          543          187          250          328          47.89        11.56  Stream  TCP      1500    11.56  95.700  99         
Trans/s    5690.49    175.57       132          448          173          211          235          23.76        8.54  Stream  TCP      1500    8.54  60.052  99         
Trans/s    5374.95    188.94       128          8199         177          248          340          91.66        10.19  Stream  TCP      1500    10.19  80.706  99         
Trans/s    5050.58    204.02       134          680          186          281          363          56.27        12.75  Stream  TCP      1500    12.75  109.990  99         
Trans/s    5283.24    191.59       134          1277         180          250          328          44.67        12.09  Stream  TCP      1500    12.09  93.401  99         
Trans/s    5133.70    197.79       127          607          185          261          346          49.26        11.70  Stream  TCP      1500    11.70  96.209  99         
Trans/s    5523.32    182.35       127          625          172          230          321          39.67        10.13  Stream  TCP      1500    10.13  75.861  99         
Trans/s    5006.32    201.66       128          1133         193          265          342          48.64        12.31  Stream  TCP      1500    12.31  101.747  99         
Trans/s    5829.50    171.20       128          361          164          206          234          23.48        8.59  Stream  TCP      1500    8.59  59.027  99         
Trans/s    5605.16    179.12       132          544          170          224          311          36.27        11.00  Stream  TCP      1500    11.00  79.989  99         
Trans/s    5477.84    185.91       136          2932         172          244          361          54.10        10.36  Stream  TCP      1500    10.36  80.458  99         
Trans/s    5338.96    189.82       126          3041         175          257          360          57.28        11.55  Stream  TCP      1500    11.55  91.276  99         
Trans/s    5319.46    189.50       128          589          178          255          334          45.70        10.62  Stream  TCP      1500    10.62  81.537  99         
Trans/s    4572.95    224.40       128          731          211          322          380          65.19        13.92  Stream  TCP      1500    13.92  130.779  99         
Trans/s    5768.61    173.75       125          3222         166          211          288          44.05        9.81  Stream  TCP      1500    9.81  68.003  99         
Trans/s    5114.68    198.37       126          2493         182          284          371          60.29        12.20  Stream  TCP      1500    12.20  99.123  99         
Trans/s    5329.97    189.17       123          669          183          239          320          41.89        11.37  Stream  TCP      1500    11.37  88.161  99         
Trans/s    5219.43    193.76       127          668          182          258          346          46.46        11.89  Stream  TCP      1500    11.89  94.854  99         
Trans/s    4769.28    211.12       126          649          206          287          360          53.96        14.04  Stream  TCP      1500    14.04  120.652  99         
Trans/s    5304.11    192.40       130          808          176          263          370          52.25        13.06  Stream  TCP      1500    13.06  102.711  99         
Trans/s    5401.30    186.65       128          848          180          237          326          41.60        11.66  Stream  TCP      1500    11.66  88.460  99         
Trans/s    5056.63    201.37       129          671          185          281          376          56.88        12.52  Stream  TCP      1500    12.52  104.932  99         
Trans/s    5436.30    185.65       129          595          177          228          333          39.38        10.86  Stream  TCP      1500    10.86  82.802  99         
Trans/s    4902.00    207.28       129          623          202          275          366          52.74        14.18  Stream  TCP      1500    14.18  119.851  99         
Trans/s    4952.08    203.09       133          648          192          267          359          47.73        12.96  Stream  TCP      1500    12.96  106.384  99         
Trans/s    5475.62    184.63       125          1428         174          231          326          43.43        13.49  Stream  TCP      1500    13.49  100.879  99         
Trans/s    4893.20    209.23       133          670          194          290          376          54.59        12.85  Stream  TCP      1500    12.85  111.543  99         
Trans/s    5048.39    199.87       130          632          186          270          379          50.65        11.73  Stream  TCP      1500    11.73  95.653  99         
Trans/s    5444.48    185.60       125          568          177          233          302          36.53        10.93  Stream  TCP      1500    10.93  83.578  99         
Trans/s    4696.46    217.99       126          649          201          325          374          65.18        13.25  Stream  TCP      1500    13.25  118.838  99         
