MIGRATED TCP REQUEST/RESPONSE TEST from 0.0.0.0 (0.0.0.0) port 0 AF_INET to 10.69.0.3 (10.69.0) port 0 AF_INET : +/-2.500% @ 99% conf.  : nodelay : first burst 0
Throughput Throughput Mean         Minimum      Maximum      50th         90th         99th         Stddev       Local Socket  Protocol Request Local Local   Confidence 
Units                 Latency      Latency      Latency      Percentile   Percentile   Percentile   Latency      CPU   Type             Size    CPU   Service Level      
                      Microseconds Microseconds Microseconds Latency      Latency      Latency      Microseconds Util                   Bytes   Util  Demand  Percent    
                                                             Microseconds Microseconds Microseconds              %                              %                        
Trans/s    9955.56    102.15       76           439          94           116          285          33.77        8.72  Stream  TCP      1       8.72  36.785  99         
Trans/s    8462.08    121.25       80           3508         101          165          260          52.75        10.64  Stream  TCP      1       10.64  54.282  99         
Trans/s    8925.06    115.85       83           678          94           181          310          48.08        10.30  Stream  TCP      1       10.30  50.211  99         
Trans/s    10260.82   98.43        75           439          89           116          231          27.35        7.15  Stream  TCP      1       7.15  29.605  99         
Trans/s    10725.98   93.03        80           342          89           105          164          13.90        7.68  Stream  TCP      1       7.68  28.764  99         
Trans/s    9982.35    101.69       73           413          89           141          238          29.32        8.05  Stream  TCP      1       8.05  34.527  99         
Trans/s    10327.11   97.09        74           571          88           123          181          22.26        7.67  Stream  TCP      1       7.67  30.409  99         
Trans/s    9544.11    105.80       79           504          93           145          240          32.53        11.07  Stream  TCP      1       11.07  46.688  99         
Trans/s    8174.24    129.48       74           3479         112          201          303          63.58        10.11  Stream  TCP      1       10.11  55.190  99         
Trans/s    7968.10    132.95       80           11087        107          209          354          128.47       13.07  Stream  TCP      1       13.07  75.975  99         
Trans/s    8561.31    119.85       78           558          102          158          256          39.80        11.07  Stream  TCP      1       11.07  56.285  99         
Trans/s    8943.08    115.60       73           563          92           181          336          51.48        10.14  Stream  TCP      1       10.14  49.225  99         
Trans/s    8203.42    129.27       76           617          108          178          345          53.68        11.78  Stream  TCP      1       11.78  65.697  99         
Trans/s    10095.76   100.19       71           557          89           135          193          24.40        8.10  Stream  TCP      1       8.10  33.954  99         
Trans/s    8302.64    124.21       71           666          99           186          296          48.74        11.04  Stream  TCP      1       11.04  57.824  99         
Trans/s    8501.18    122.98       72           1094         102          185          318          50.42        10.92  Stream  TCP      1       10.92  57.326  99         
Trans/s    10190.56   98.81        72           475          89           140          185          23.58        7.14  Stream  TCP      1       7.14  28.736  99         
Trans/s    8800.77    116.22       72           474          99           161          278          39.79        11.51  Stream  TCP      1       11.51  55.898  99         
Trans/s    9638.46    107.02       73           517          89           148          277          37.49        9.04  Stream  TCP      1       9.04  41.165  99         
Trans/s    10351.66   96.84        71           494          88           118          200          23.99        7.24  Stream  TCP      1       7.24  28.381  99         
Trans/s    8782.74    120.21       73           665          90           194          351          57.28        10.35  Stream  TCP      1       10.35  53.366  99         
Trans/s    8646.72    124.89       72           647          92           196          356          60.00        11.34  Stream  TCP      1       11.34  60.227  99         
Trans/s    9575.95    109.73       71           521          88           165          342          50.93        8.18  Stream  TCP      1       8.18  40.205  99         
Trans/s    8603.65    123.00       73           646          93           190          351          58.96        11.26  Stream  TCP      1       11.26  59.624  99         
Trans/s    10260.66   97.72        72           467          90           121          193          22.30        7.78  Stream  TCP      1       7.78  31.581  99         
Trans/s    10275.80   102.20       74           513          88           121          331          43.39        9.85  Stream  TCP      1       9.85  42.505  99         
Trans/s    9170.25    113.62       72           6231         89           163          336          78.37        9.32  Stream  TCP      1       9.32  45.657  99         
Trans/s    9496.84    107.00       71           721          91           154          277          38.84        9.78  Stream  TCP      1       9.78  43.399  99         
Trans/s    9335.85    113.96       71           663          88           165          340          53.81        8.24  Stream  TCP      1       8.24  41.306  99         
Trans/s    10471.75   96.05        72           334          87           116          203          21.85        7.77  Stream  TCP      1       7.77  29.931  99         
Trans/s    9957.37    101.27       71           514          89           131          268          32.62        8.33  Stream  TCP      1       8.33  34.815  99         
Trans/s    7963.23    139.18       73           539          99           262          358          73.75        11.40  Stream  TCP      1       11.40  68.958  99         
Trans/s    9488.14    107.72       73           1308         88           156          236          39.04        8.92  Stream  TCP      1       8.92  40.022  99         
Trans/s    10158.26   100.46       71           589          88           143          233          31.58        8.41  Stream  TCP      1       8.41  35.414  99         
Trans/s    8750.51    122.16       72           672          92           219          353          62.80        12.54  Stream  TCP      1       12.54  64.509  99         
Trans/s    9091.71    113.12       74           684          93           154          290          41.35        10.38  Stream  TCP      1       10.38  49.142  99         
Trans/s    9966.94    102.39       75           440          93           134          252          29.92        8.16  Stream  TCP      1       8.16  35.484  99         
Trans/s    8601.41    119.96       79           579          94           178          338          52.74        8.82  Stream  TCP      1       8.82  45.556  99         
Trans/s    9106.83    112.27       75           567          100          146          314          40.16        9.61  Stream  TCP      1       9.61  45.369  99         
Trans/s    8290.58    127.78       74           611          101          212          350          60.69        11.22  Stream  TCP      1       11.22  61.437  99         
Trans/s    10530.75   94.84        79           491          88           110          184          18.06        6.52  Stream  TCP      1       6.52  24.846  99         
Trans/s    9015.78    114.89       80           626          94           159          273          40.52        11.35  Stream  TCP      1       11.35  56.621  99         
Trans/s    9785.64    104.31       75           433          89           146          259          34.97        8.78  Stream  TCP      1       8.78  37.884  99         
Trans/s    10149.86   98.48        75           445          91           120          190          21.29        9.74  Stream  TCP      1       9.74  39.138  99         
Trans/s    9935.72    104.93       75           2042         91           141          293          44.21        7.88  Stream  TCP      1       7.88  37.138  99         
Trans/s    10237.63   98.06        73           383          92           122          185          20.10        7.79  Stream  TCP      1       7.79  30.770  99         
Trans/s    9624.49    108.80       79           637          89           150          331          46.22        8.92  Stream  TCP      1       8.92  43.443  99         
Trans/s    9860.35    101.74       75           408          91           124          222          26.13        8.27  Stream  TCP      1       8.27  34.866  99         
Trans/s    9384.93    110.46       74           561          93           157          278          39.79        8.98  Stream  TCP      1       8.98  43.292  99         
Trans/s    9953.33    100.43       80           509          95           118          190          20.57        7.37  Stream  TCP      1       7.37  29.840  99         
Trans/s    10418.66   95.91        75           440          89           113          180          17.38        6.50  Stream  TCP      1       6.50  25.243  99         
Trans/s    9970.21    101.30       73           1174         93           135          184          24.62        7.32  Stream  TCP      1       7.32  30.834  99         
Trans/s    9517.19    108.49       75           582          95           151          212          32.37        13.22  Stream  TCP      1       13.22  60.336  99         
Trans/s    10304.15   97.01        81           520          89           113          185          23.49        7.35  Stream  TCP      1       7.35  28.898  99         
Trans/s    9507.96    107.16       74           549          92           139          262          35.43        9.47  Stream  TCP      1       9.47  41.668  99         
Trans/s    9015.12    114.88       78           565          93           176          305          45.22        8.60  Stream  TCP      1       8.60  42.795  99         
Trans/s    9177.01    121.95       76           563          90           225          350          64.51        10.24  Stream  TCP      1       10.24  56.129  99         
Trans/s    8654.69    121.48       74           713          94           175          344          53.24        9.47  Stream  TCP      1       9.47  50.127  99         
Trans/s    9494.87    106.11       73           411          95           128          222          26.53        9.05  Stream  TCP      1       9.05  39.481  99         
Trans/s    8869.27    118.68       74           612          95           166          350          48.86        9.92  Stream  TCP      1       9.92  51.939  99         
Trans/s    10626.91   93.84        75           497          89           105          163          15.21        7.15  Stream  TCP      1       7.15  26.965  99         
Trans/s    9077.50    113.57       73           769          94           157          302          42.33        11.74  Stream  TCP      1       11.74  56.267  99         
Trans/s    10009.37   99.98        75           6889         89           140          197          76.35        8.73  Stream  TCP      1       8.73  35.018  99         
Trans/s    10506.00   95.31        75           500          88           113          171          17.92        7.19  Stream  TCP      1       7.19  28.211  99         
Trans/s    9857.01    102.31       80           607          89           146          213          29.62        9.49  Stream  TCP      1       9.49  40.690  99         
Trans/s    9421.53    107.85       77           537          91           147          220          30.93        9.44  Stream  TCP      1       9.44  43.302  99         
Trans/s    9874.16    105.38       80           499          89           145          294          39.48        7.77  Stream  TCP      1       7.77  37.054  99         
Trans/s    9923.78    102.87       74           630          89           137          257          34.94        8.89  Stream  TCP      1       8.89  38.325  99         
Trans/s    8683.38    119.57       80           510          94           185          295          47.90        11.36  Stream  TCP      1       11.36  57.593  99         
Trans/s    8721.83    123.69       72           1990         100          198          350          64.48        9.76  Stream  TCP      1       9.76  52.808  99         
Trans/s    9673.68    106.86       75           434          89           147          335          45.26        9.34  Stream  TCP      1       9.34  42.071  99         
Trans/s    8760.11    115.61       72           566          94           160          318          45.40        12.45  Stream  TCP      1       12.45  58.205  99         
Trans/s    9063.43    113.82       80           555          93           160          278          41.42        10.39  Stream  TCP      1       10.39  51.090  99         
Trans/s    8339.54    121.90       75           523          106          164          241          37.97        10.44  Stream  TCP      1       10.44  52.716  99         
Trans/s    7789.92    136.71       77           639          124          211          348          59.30        12.14  Stream  TCP      1       12.14  70.182  99         
Trans/s    10015.82   102.27       76           418          89           145          228          30.09        9.48  Stream  TCP      1       9.48  39.589  99         
Trans/s    9997.73    101.62       72           540          89           137          256          31.76        8.05  Stream  TCP      1       8.05  34.537  99         
Trans/s    9877.94    102.69       73           530          92           145          233          31.29        8.38  Stream  TCP      1       8.38  35.940  99         
Trans/s    9788.08    103.05       72           429          96           140          186          22.82        8.83  Stream  TCP      1       8.83  38.154  99         
Trans/s    9152.17    109.80       75           603          95           146          312          40.38        9.30  Stream  TCP      1       9.30  41.776  99         
Trans/s    9641.15    108.03       84           579          92           147          341          45.11        11.10  Stream  TCP      1       11.10  49.886  99         
Trans/s    7424.34    138.70       81           866          141          200          336          51.41        12.29  Stream  TCP      1       12.29  70.797  99         
Trans/s    10043.82   100.12       77           1524         89           128          218          32.26        8.21  Stream  TCP      1       8.21  33.673  99         
Trans/s    8920.27    115.41       74           646          94           159          287          43.40        9.76  Stream  TCP      1       9.76  49.042  99         
Trans/s    8579.59    123.30       80           591          95           178          345          56.65        11.13  Stream  TCP      1       11.13  59.338  99         
Trans/s    9398.28    114.18       76           523          93           170          347          53.86        9.05  Stream  TCP      1       9.05  44.917  99         
Trans/s    9088.44    114.29       74           608          94           171          269          42.53        9.80  Stream  TCP      1       9.80  48.713  99         
Trans/s    9620.00    106.84       73           847          90           153          278          39.02        9.40  Stream  TCP      1       9.40  41.848  99         
Trans/s    9578.43    105.01       74           516          96           128          230          28.00        10.50  Stream  TCP      1       10.50  43.979  99         
Trans/s    10110.67   99.56        74           519          91           121          220          25.53        8.10  Stream  TCP      1       8.10  32.788  99         
Trans/s    9104.86    113.43       73           661          91           168          314          47.79        9.47  Stream  TCP      1       9.47  45.380  99         
Trans/s    8711.88    117.78       74           515          100          165          269          41.31        10.62  Stream  TCP      1       10.62  52.586  99         
Trans/s    8317.34    122.76       75           607          105          161          279          42.11        11.71  Stream  TCP      1       11.71  60.222  99         
Trans/s    9626.28    105.40       79           520          92           152          202          30.38        8.56  Stream  TCP      1       8.56  37.965  99         
Trans/s    9672.65    108.22       74           552          88           157          292          44.02        10.11  Stream  TCP      1       10.11  46.180  99         
Trans/s    9850.74    101.94       74           531          93           125          234          29.71        8.91  Stream  TCP      1       8.91  36.791  99         
Trans/s    9963.36    101.04       78           358          94           118          220          25.50        8.72  Stream  TCP      1       8.72  36.753  99         
Trans/s    9600.78    114.39       79           497          89           182          347          57.74        8.68  Stream  TCP      1       8.68  46.126  99         
Trans/s    9634.32    108.01       73           7155         92           145          299          82.83        13.03  Stream  TCP      1       13.03  59.450  99         
Trans/s    9850.78    102.88       77           547          89           141          202          28.21        9.15  Stream  TCP      1       9.15  39.860  99         
