MIGRATED TCP REQUEST/RESPONSE TEST from 0.0.0.0 (0.0.0.0) port 0 AF_INET to 10.69.0.3 (10.69.0) port 0 AF_INET : +/-2.500% @ 99% conf.  : nodelay : first burst 0
Throughput Throughput Mean         Minimum      Maximum      50th         90th         99th         Stddev       Local  Socket  Protocol Request Local  Local   Confidence 
Units                 Latency      Latency      Latency      Percentile   Percentile   Percentile   Latency      CPU    Type             Size    CPU    Service Level      
                      Microseconds Microseconds Microseconds Latency      Latency      Latency      Microseconds Util                    Bytes   Util   Demand  Percent    
                                                             Microseconds Microseconds Microseconds              %                               %                         
Trans/s    7470.12    136.76       92           580          119          177          257          37.02        10.12  Stream  TCP      500     10.12  58.507  99         
Trans/s    6673.77    156.10       87           3087         125          262          366          74.43        9.41  Stream  TCP      500     9.41  64.069  99         
Trans/s    6916.38    152.18       88           636          129          253          366          63.27        10.05  Stream  TCP      500     10.05  65.374  99         
Trans/s    7386.06    138.22       93           657          128          189          304          45.75        9.86  Stream  TCP      500     9.86  57.603  99         
Trans/s    7558.56    135.48       87           621          111          185          301          44.73        10.40  Stream  TCP      500     10.40  58.576  99         
Trans/s    8566.01    116.76       92           461          108          143          229          27.16        8.77  Stream  TCP      500     8.77  41.351  99         
Trans/s    8146.39    129.96       92           960          108          208          353          56.09        8.16  Stream  TCP      500     8.16  46.136  99         
Trans/s    6997.67    147.45       94           609          130          209          361          54.34        10.51  Stream  TCP      500     10.51  64.072  99         
Trans/s    6603.23    162.31       91           622          124          277          369          74.50        11.04  Stream  TCP      500     11.04  77.965  99         
Trans/s    7780.37    130.63       93           587          108          187          331          48.47        8.84  Stream  TCP      500     8.84  48.285  99         
Trans/s    8249.66    121.26       92           485          112          157          234          28.83        6.98  Stream  TCP      500     6.98  34.257  99         
Trans/s    7633.41    136.22       94           573          109          195          351          52.07        8.84  Stream  TCP      500     8.84  52.131  99         
Trans/s    7869.04    133.25       88           642          109          192          360          51.93        7.41  Stream  TCP      500     7.41  45.459  99         
Trans/s    6816.76    157.71       89           1304         126          271          364          69.95        13.45  Stream  TCP      500     13.45  84.771  99         
Trans/s    8423.01    121.82       94           474          107          163          313          42.78        7.68  Stream  TCP      500     7.68  38.870  99         
Trans/s    7714.43    139.82       89           641          113          243          357          62.03        9.39  Stream  TCP      500     9.39  57.383  99         
Trans/s    7286.89    143.31       93           721          113          221          362          58.41        9.56  Stream  TCP      500     9.56  58.253  99         
Trans/s    8232.31    125.73       88           567          107          175          355          49.06        7.70  Stream  TCP      500     7.70  43.441  99         
Trans/s    7499.75    142.67       88           799          109          248          359          63.51        8.73  Stream  TCP      500     8.73  55.320  99         
Trans/s    6666.28    158.33       88           553          130          275          365          69.42        11.51  Stream  TCP      500     11.51  76.535  99         
Trans/s    7026.39    148.00       87           559          122          225          355          57.22        12.64  Stream  TCP      500     12.64  76.815  99         
Trans/s    7574.92    135.09       91           647          113          190          326          47.04        9.36  Stream  TCP      500     9.36  52.670  99         
Trans/s    7127.58    147.01       93           639          116          232          342          58.31        9.43  Stream  TCP      500     9.43  60.917  99         
Trans/s    6294.60    172.89       89           801          152          291          369          76.38        11.48  Stream  TCP      500     11.48  84.823  99         
Trans/s    7192.61    142.32       88           579          125          192          305          46.39        9.69  Stream  TCP      500     9.69  57.543  99         
Trans/s    7283.37    140.02       89           675          118          191          301          46.13        10.68  Stream  TCP      500     10.68  61.867  99         
Trans/s    6997.82    147.48       99           6943         130          217          351          89.07        11.66  Stream  TCP      500     11.66  70.881  99         
Trans/s    7581.43    137.00       91           717          109          203          326          50.08        9.05  Stream  TCP      500     9.05  53.802  99         
Trans/s    6622.90    154.85       91           619          152          225          358          56.33        11.22  Stream  TCP      500     11.22  73.394  99         
Trans/s    8071.88    125.83       91           633          109          171          282          38.18        8.12  Stream  TCP      500     8.12  42.861  99         
Trans/s    7895.92    127.83       89           937          113          172          254          35.68        8.41  Stream  TCP      500     8.41  44.326  99         
Trans/s    6760.54    155.02       93           640          134          252          361          60.97        10.84  Stream  TCP      500     10.84  70.744  99         
Trans/s    7349.05    141.90       89           10268        109          221          361          116.69       11.28  Stream  TCP      500     11.28  71.059  99         
Trans/s    6509.61    160.85       92           4476         114          290          367          90.38        12.17  Stream  TCP      500     12.17  81.263  99         
Trans/s    8210.02    122.53       92           448          109          161          270          34.18        8.23  Stream  TCP      500     8.23  41.728  99         
Trans/s    6619.86    163.99       93           660          135          279          369          73.56        10.71  Stream  TCP      500     10.71  76.154  99         
Trans/s    7184.68    141.66       88           595          124          197          332          50.04        9.91  Stream  TCP      500     9.91  57.377  99         
Trans/s    7766.12    132.59       93           514          111          182          297          43.76        8.74  Stream  TCP      500     8.74  48.750  99         
Trans/s    6894.06    151.96       88           685          115          274          365          71.37        10.14  Stream  TCP      500     10.14  66.546  99         
Trans/s    7395.01    144.67       87           761          112          253          363          63.79        8.83  Stream  TCP      500     8.83  56.314  99         
Trans/s    7309.71    139.96       91           662          116          187          357          49.92        12.08  Stream  TCP      500     12.08  68.500  99         
Trans/s    8201.84    122.71       91           473          109          166          263          32.91        7.68  Stream  TCP      500     7.68  38.590  99         
Trans/s    7323.99    142.11       90           605          109          242          360          62.57        10.16  Stream  TCP      500     10.16  60.982  99         
Trans/s    6870.38    152.17       91           625          119          263          365          66.62        10.14  Stream  TCP      500     10.14  64.749  99         
Trans/s    6660.38    157.41       88           899          156          238          362          57.28        12.22  Stream  TCP      500     12.22  82.257  99         
Trans/s    6998.98    150.11       92           1393         119          250          361          63.86        10.51  Stream  TCP      500     10.51  68.061  99         
Trans/s    7752.20    135.91       91           612          111          202          342          52.06        8.23  Stream  TCP      500     8.23  48.740  99         
Trans/s    7220.41    146.65       89           686          115          259          362          67.63        12.12  Stream  TCP      500     12.12  71.006  99         
Trans/s    8070.85    125.58       90           607          108          177          310          43.74        7.96  Stream  TCP      500     7.96  41.395  99         
Trans/s    6817.70    149.70       93           666          151          197          333          47.74        11.20  Stream  TCP      500     11.20  70.136  99         
Trans/s    6361.30    162.76       94           641          154          253          361          56.66        11.80  Stream  TCP      500     11.80  79.881  99         
Trans/s    6731.40    155.62       86           542          141          255          365          62.30        10.69  Stream  TCP      500     10.69  71.114  99         
Trans/s    7444.36    138.46       94           550          115          195          305          46.56        9.76  Stream  TCP      500     9.76  57.781  99         
Trans/s    7862.64    129.00       91           6267         114          171          280          70.98        8.08  Stream  TCP      500     8.08  43.580  99         
Trans/s    6933.69    148.17       94           625          142          221          333          50.39        10.74  Stream  TCP      500     10.74  65.352  99         
Trans/s    8280.26    124.66       87           798          108          171          281          39.20        7.52  Stream  TCP      500     7.52  40.089  99         
Trans/s    8236.48    124.53       91           428          109          169          288          37.86        7.64  Stream  TCP      500     7.64  41.021  99         
Trans/s    6711.60    154.17       88           924          145          243          367          61.33        9.90  Stream  TCP      500     9.90  64.711  99         
Trans/s    7564.15    134.39       89           555          116          179          304          41.62        9.63  Stream  TCP      500     9.63  54.427  99         
Trans/s    7182.61    144.22       93           1548         117          222          351          57.84        10.37  Stream  TCP      500     10.37  63.722  99         
Trans/s    8049.95    126.27       86           623          108          177          293          40.65        8.86  Stream  TCP      500     8.86  47.582  99         
Trans/s    7748.69    134.61       88           662          109          186          359          53.42        8.68  Stream  TCP      500     8.68  49.369  99         
Trans/s    7873.27    127.47       93           1438         111          169          246          35.49        10.44  Stream  TCP      500     10.44  52.516  99         
Trans/s    6406.27    166.59       90           700          150          280          370          74.79        11.73  Stream  TCP      500     11.73  85.192  99         
Trans/s    6858.37    153.49       89           637          133          239          366          60.01        11.21  Stream  TCP      500     11.21  73.022  99         
Trans/s    8384.42    120.66       93           658          107          169          291          38.34        7.46  Stream  TCP      500     7.46  36.334  99         
Trans/s    7290.52    147.25       89           666          110          260          367          68.57        9.79  Stream  TCP      500     9.79  61.315  99         
Trans/s    6219.90    171.11       87           612          151          290          372          78.83        11.82  Stream  TCP      500     11.82  85.196  99         
Trans/s    7422.40    144.78       89           647          109          267          363          69.04        9.76  Stream  TCP      500     9.76  61.403  99         
Trans/s    7325.12    149.79       88           2914         112          266          360          74.04        11.97  Stream  TCP      500     11.97  76.084  99         
Trans/s    7176.75    142.35       91           718          137          187          306          43.62        9.24  Stream  TCP      500     9.24  55.589  99         
Trans/s    7756.05    136.36       88           720          109          193          363          58.05        9.19  Stream  TCP      500     9.19  54.196  99         
Trans/s    8361.73    121.52       87           580          107          168          290          38.44        7.96  Stream  TCP      500     7.96  40.621  99         
Trans/s    7719.00    132.93       93           621          109          189          341          50.08        8.71  Stream  TCP      500     8.71  48.859  99         
Trans/s    7819.55    131.32       89           1406         110          177          312          46.42        8.95  Stream  TCP      500     8.95  49.977  99         
Trans/s    7636.23    136.61       93           565          109          192          353          51.57        8.96  Stream  TCP      500     8.96  52.789  99         
Trans/s    8313.76    120.76       92           523          110          157          202          24.73        9.51  Stream  TCP      500     9.51  46.952  99         
Trans/s    7311.68    139.05       88           1831         118          183          354          51.43        9.29  Stream  TCP      500     9.29  53.583  99         
Trans/s    7950.03    127.05       93           566          112          171          229          33.36        8.15  Stream  TCP      500     8.15  42.284  99         
Trans/s    7310.80    146.35       91           6818         115          234          356          110.47       10.90  Stream  TCP      500     10.90  70.370  99         
Trans/s    6965.87    155.68       93           662          125          270          366          67.86        9.46  Stream  TCP      500     9.46  67.218  99         
Trans/s    8256.01    128.01       91           1264         108          188          358          53.76        6.80  Stream  TCP      500     6.80  38.425  99         
Trans/s    8265.47    124.81       92           447          107          172          337          45.82        7.67  Stream  TCP      500     7.67  41.162  99         
Trans/s    7838.32    129.14       88           2522         109          177          310          48.89        10.05  Stream  TCP      500     10.05  54.689  99         
Trans/s    8352.79    123.75       91           702          107          183          317          44.93        7.72  Stream  TCP      500     7.72  40.949  99         
Trans/s    6610.81    162.76       89           1778         132          278          365          73.89        11.51  Stream  TCP      500     11.51  82.763  99         
Trans/s    8395.94    124.27       92           555          107          171          354          50.11        7.00  Stream  TCP      500     7.00  38.620  99         
Trans/s    6573.68    165.90       92           717          151          287          368          76.12        12.05  Stream  TCP      500     12.05  85.001  99         
Trans/s    6431.41    162.64       88           7990         133          268          370          108.63       10.59  Stream  TCP      500     10.59  73.450  99         
Trans/s    7259.74    139.61       93           672          122          188          283          42.55        9.85  Stream  TCP      500     9.85  57.104  99         
Trans/s    8626.72    116.27       89           591          107          157          216          26.11        10.66  Stream  TCP      500     10.66  49.527  99         
Trans/s    8435.21    119.42       90           508          107          159          265          32.78        7.19  Stream  TCP      500     7.19  35.609  99         
Trans/s    8254.07    123.16       92           434          109          171          275          36.61        8.49  Stream  TCP      500     8.49  44.056  99         
Trans/s    6802.46    154.18       88           485          131          249          327          62.26        9.47  Stream  TCP      500     9.47  62.411  99         
Trans/s    7800.27    130.67       93           852          112          182          273          40.14        8.83  Stream  TCP      500     8.83  47.688  99         
Trans/s    6811.44    149.56       89           575          138          211          351          49.47        9.95  Stream  TCP      500     9.95  62.433  99         
Trans/s    8522.80    120.40       86           576          107          157          341          43.03        7.79  Stream  TCP      500     7.79  39.418  99         
Trans/s    7020.82    151.44       88           675          118          271          366          68.60        9.78  Stream  TCP      500     9.78  65.592  99         
Trans/s    7909.35    128.63       91           1744         111          176          296          43.44        10.29  Stream  TCP      500     10.29  54.388  99         
Trans/s    6185.51    168.37       93           642          157          265          366          64.30        11.66  Stream  TCP      500     11.66  82.123  99         
