MIGRATED TCP REQUEST/RESPONSE TEST from 0.0.0.0 (0.0.0.0) port 0 AF_INET to 10.69.0.3 (10.69.0) port 0 AF_INET : +/-2.500% @ 99% conf.  : nodelay : first burst 0
Throughput Throughput Mean         Minimum      Maximum      50th         90th         99th         Stddev       Local Socket  Protocol Request Local Local   Confidence 
Units                 Latency      Latency      Latency      Percentile   Percentile   Percentile   Latency      CPU   Type             Size    CPU   Service Level      
                      Microseconds Microseconds Microseconds Latency      Latency      Latency      Microseconds Util                   Bytes   Util  Demand  Percent    
                                                             Microseconds Microseconds Microseconds              %                              %                        
Trans/s    6659.47    153.55       106          4266         127          213          338          67.02        7.87  Stream  TCP      1000    7.87  50.925  99         
Trans/s    7042.35    146.62       112          636          119          216          309          46.70        8.39  Stream  TCP      1000    8.39  53.982  99         
Trans/s    6096.82    175.16       104          734          161          279          379          69.84        10.05  Stream  TCP      1000    10.05  75.935  99         
Trans/s    5709.92    178.82       105          605          165          282          376          66.38        10.23  Stream  TCP      1000    10.23  76.523  99         
Trans/s    6080.42    172.24       104          694          145          277          376          68.59        11.39  Stream  TCP      1000    11.39  80.464  99         
Trans/s    6341.60    164.64       105          610          143          256          355          58.11        9.20  Stream  TCP      1000    9.20  64.955  99         
Trans/s    6611.51    155.91       105          691          127          238          371          57.33        8.93  Stream  TCP      1000    8.93  58.166  99         
Trans/s    6207.22    174.16       102          626          136          287          403          74.10        8.44  Stream  TCP      1000    8.44  65.926  99         
Trans/s    6055.88    171.63       107          684          157          269          374          60.41        9.80  Stream  TCP      1000    9.80  72.558  99         
Trans/s    6090.86    168.08       106          7625         154          246          343          93.36        9.74  Stream  TCP      1000    9.74  69.297  99         
Trans/s    6431.38    164.09       105          615          141          247          368          59.69        10.12  Stream  TCP      1000    10.12  69.321  99         
Trans/s    5932.80    177.16       106          1827         157          282          379          71.12        11.04  Stream  TCP      1000    11.04  80.962  99         
Trans/s    6144.98    167.16       106          2114         154          246          364          59.91        10.35  Stream  TCP      1000    10.35  71.372  99         
Trans/s    6011.94    167.37       109          687          163          222          340          49.28        10.81  Stream  TCP      1000    10.81  73.750  99         
Trans/s    5998.46    174.48       107          725          155          273          381          66.95        9.84  Stream  TCP      1000    9.84  71.426  99         
Trans/s    5834.16    173.70       102          633          166          250          352          54.03        9.37  Stream  TCP      1000    9.37  66.642  99         
Trans/s    6505.29    157.50       107          1598         137          219          309          49.37        19.85  Stream  TCP      1000    19.85  117.530  99         
Trans/s    7877.58    126.85       101          364          121          143          208          18.29        18.66  Stream  TCP      1000    18.66  93.524  99         
Trans/s    6686.80    154.00       104          617          138          212          318          46.58        9.34  Stream  TCP      1000    9.34  61.342  99         
Trans/s    7470.09    135.07       106          560          119          185          248          32.65        5.75  Stream  TCP      1000    5.75  32.112  99         
Trans/s    6502.09    162.88       104          1669         127          271          369          67.38        8.68  Stream  TCP      1000    8.68  61.131  99         
Trans/s    6095.95    171.09       100          587          156          256          371          60.73        10.49  Stream  TCP      1000    10.49  76.224  99         
Trans/s    6297.85    160.17       105          3765         165          211          313          59.02        10.64  Stream  TCP      1000    10.64  69.690  99         
Trans/s    6126.08    168.62       103          707          134          276          374          68.08        10.59  Stream  TCP      1000    10.59  73.716  99         
Trans/s    6891.52    152.70       104          1165         119          256          368          64.38        8.26  Stream  TCP      1000    8.26  56.464  99         
Trans/s    5945.60    169.42       112          698          167          248          358          56.67        10.01  Stream  TCP      1000    10.01  68.530  99         
Trans/s    6462.25    158.78       106          1522         126          247          365          61.62        9.54  Stream  TCP      1000    9.54  64.122  99         
Trans/s    6867.90    153.52       102          480          127          231          367          56.37        7.63  Stream  TCP      1000    7.63  50.259  99         
Trans/s    6688.67    152.26       105          6840         134          209          345          82.11        8.61  Stream  TCP      1000    8.61  53.973  99         
Trans/s    6996.08    145.50       108          547          125          199          301          41.51        8.70  Stream  TCP      1000    8.70  51.727  99         
Trans/s    6376.97    165.27       104          640          129          253          367          61.46        9.47  Stream  TCP      1000    9.47  68.132  99         
Trans/s    6474.40    162.01       107          685          136          238          373          60.42        8.72  Stream  TCP      1000    8.72  59.178  99         
Trans/s    5575.57    181.90       108          638          178          258          363          56.81        11.49  Stream  TCP      1000    11.49  83.877  99         
Trans/s    6416.58    162.00       107          5409         129          247          375          89.39        9.59  Stream  TCP      1000    9.59  66.600  99         
Trans/s    6009.57    169.41       110          621          171          227          331          47.89        9.57  Stream  TCP      1000    9.57  67.165  99         
Trans/s    6609.12    154.29       106          837          135          216          340          49.60        11.55  Stream  TCP      1000    11.55  72.026  99         
Trans/s    6207.76    163.72       107          4015         152          229          321          62.74        9.26  Stream  TCP      1000    9.26  62.037  99         
Trans/s    7016.52    144.27       107          437          130          198          266          36.13        7.09  Stream  TCP      1000    7.09  42.188  99         
Trans/s    5745.85    179.27       112          681          173          265          373          57.86        9.98  Stream  TCP      1000    9.98  75.357  99         
Trans/s    6087.79    167.71       104          589          156          246          358          56.22        9.65  Stream  TCP      1000    9.65  67.546  99         
Trans/s    6228.56    166.31       107          615          140          270          376          65.15        9.30  Stream  TCP      1000    9.30  65.036  99         
Trans/s    6547.10    163.56       104          671          129          269          373          64.43        10.59  Stream  TCP      1000    10.59  72.378  99         
Trans/s    7085.43    143.08       106          1000         121          197          339          47.19        9.03  Stream  TCP      1000    9.03  51.541  99         
Trans/s    6428.25    161.27       107          699          140          223          364          53.81        8.96  Stream  TCP      1000    8.96  61.228  99         
Trans/s    7625.65    131.05       112          537          124          156          236          23.95        6.21  Stream  TCP      1000    6.21  32.936  99         
Trans/s    6534.33    158.33       104          580          143          217          337          49.95        8.45  Stream  TCP      1000    8.45  58.647  99         
Trans/s    6133.90    169.93       105          596          160          258          367          59.95        10.37  Stream  TCP      1000    10.37  73.485  99         
Trans/s    5202.36    196.90       104          644          182          301          384          75.10        11.52  Stream  TCP      1000    11.52  92.236  99         
Trans/s    5888.62    175.95       103          727          154          276          378          64.67        12.08  Stream  TCP      1000    12.08  84.173  99         
Trans/s    6809.32    149.32       105          626          132          197          346          44.93        8.91  Stream  TCP      1000    8.91  53.982  99         
Trans/s    6991.97    147.07       104          582          122          204          339          48.40        8.11  Stream  TCP      1000    8.11  51.285  99         
Trans/s    6504.94    165.27       105          693          129          265          377          66.94        9.74  Stream  TCP      1000    9.74  71.669  99         
Trans/s    6745.22    150.28       102          576          135          199          298          41.61        6.56  Stream  TCP      1000    6.56  41.252  99         
Trans/s    7332.30    137.04       103          652          119          187          278          36.68        7.89  Stream  TCP      1000    7.89  44.372  99         
Trans/s    7233.08    142.08       104          557          122          198          322          44.15        8.91  Stream  TCP      1000    8.91  54.641  99         
Trans/s    5726.36    181.48       108          1056         174          277          372          65.21        11.52  Stream  TCP      1000    11.52  86.678  99         
Trans/s    6083.30    166.36       106          558          161          233          323          46.66        9.49  Stream  TCP      1000    9.49  64.880  99         
Trans/s    6283.61    160.53       106          9054         160          201          303          98.47        9.06  Stream  TCP      1000    9.06  60.140  99         
Trans/s    6068.36    169.59       108          597          165          247          365          56.52        10.21  Stream  TCP      1000    10.21  72.859  99         
Trans/s    6665.17    152.34       103          597          142          205          287          38.54        8.03  Stream  TCP      1000    8.03  50.780  99         
Trans/s    6313.53    164.98       105          560          136          254          367          61.29        11.64  Stream  TCP      1000    11.64  76.799  99         
Trans/s    6528.57    154.76       103          635          146          205          324          44.97        8.47  Stream  TCP      1000    8.47  53.867  99         
Trans/s    6128.98    171.46       102          707          154          278          377          64.93        10.15  Stream  TCP      1000    10.15  73.776  99         
Trans/s    6076.31    168.51       104          1441         166          251          373          58.31        9.99  Stream  TCP      1000    9.99  69.798  99         
Trans/s    6118.51    175.60       104          709          160          284          379          71.34        9.75  Stream  TCP      1000    9.75  75.550  99         
Trans/s    7466.89    137.38       107          671          121          192          297          39.20        7.43  Stream  TCP      1000    7.43  42.858  99         
Trans/s    6656.40    151.74       102          553          139          195          293          39.23        8.31  Stream  TCP      1000    8.31  51.509  99         
Trans/s    7700.31    130.10       103          361          120          168          233          26.31        8.50  Stream  TCP      1000    8.50  44.439  99         
Trans/s    6476.16    160.25       104          647          134          242          347          55.66        9.85  Stream  TCP      1000    9.85  67.745  99         
Trans/s    6846.68    150.90       104          579          123          218          349          53.28        8.24  Stream  TCP      1000    8.24  53.280  99         
Trans/s    7276.34    139.05       100          608          123          187          247          34.51        7.69  Stream  TCP      1000    7.69  44.959  99         
Trans/s    7146.73    141.92       106          651          125          187          263          34.38        7.88  Stream  TCP      1000    7.88  46.890  99         
Trans/s    5901.16    176.28       105          730          170          281          378          67.12        10.79  Stream  TCP      1000    10.79  78.654  99         
Trans/s    6693.31    152.80       104          550          139          209          305          44.06        10.52  Stream  TCP      1000    10.52  63.237  99         
Trans/s    6637.17    161.15       102          710          127          269          374          66.63        8.74  Stream  TCP      1000    8.74  58.999  99         
Trans/s    6487.69    162.56       105          659          128          265          375          63.07        9.67  Stream  TCP      1000    9.67  68.616  99         
Trans/s    6869.92    156.08       103          658          123          268          373          65.03        8.59  Stream  TCP      1000    8.59  57.999  99         
Trans/s    6651.33    156.60       105          687          127          245          364          56.98        7.99  Stream  TCP      1000    7.99  53.723  99         
Trans/s    6196.30    163.45       102          690          158          221          318          46.13        9.59  Stream  TCP      1000    9.59  64.120  99         
Trans/s    6039.48    169.54       108          673          163          235          319          51.16        11.07  Stream  TCP      1000    11.07  79.029  99         
Trans/s    7448.87    137.20       106          631          119          188          334          42.43        8.34  Stream  TCP      1000    8.34  46.912  99         
Trans/s    6824.44    151.85       107          6692         125          216          351          105.20       7.70  Stream  TCP      1000    7.70  51.364  99         
Trans/s    5823.03    176.81       99           722          169          277          375          65.21        11.00  Stream  TCP      1000    11.00  80.647  99         
Trans/s    6823.78    147.57       100          599          134          197          268          37.74        7.80  Stream  TCP      1000    7.80  46.839  99         
Trans/s    6380.01    163.95       106          649          136          266          375          62.16        9.45  Stream  TCP      1000    9.45  65.771  99         
Trans/s    5536.00    182.99       100          611          177          273          376          62.43        10.87  Stream  TCP      1000    10.87  81.173  99         
Trans/s    5931.17    172.15       102          6867         166          246          325          84.49        11.96  Stream  TCP      1000    11.96  83.416  99         
Trans/s    5409.72    196.82       105          723          178          304          384          79.69        10.81  Stream  TCP      1000    10.81  91.230  99         
Trans/s    6343.40    161.15       108          614          147          226          325          48.45        10.16  Stream  TCP      1000    10.16  68.765  99         
Trans/s    5591.50    185.66       105          672          171          281          375          65.25        9.48  Stream  TCP      1000    9.48  74.587  99         
Trans/s    5829.60    174.68       105          586          171          257          374          59.19        10.12  Stream  TCP      1000    10.12  73.307  99         
Trans/s    6426.07    160.83       106          9402         138          232          342          110.94       11.02  Stream  TCP      1000    11.02  72.831  99         
Trans/s    6300.15    162.94       107          834          138          238          366          58.01        9.68  Stream  TCP      1000    9.68  66.051  99         
Trans/s    5979.71    173.85       105          719          165          267          375          61.45        10.39  Stream  TCP      1000    10.39  74.584  99         
Trans/s    5607.38    187.18       104          682          171          287          377          69.93        10.41  Stream  TCP      1000    10.41  82.791  99         
Trans/s    5998.65    175.54       104          574          160          281          390          69.84        9.51  Stream  TCP      1000    9.51  70.519  99         
Trans/s    6563.93    155.62       107          3863         145          207          303          56.43        8.29  Stream  TCP      1000    8.29  54.984  99         
Trans/s    6699.03    152.16       109          711          131          208          322          46.60        11.06  Stream  TCP      1000    11.06  67.710  99         
Trans/s    6564.23    160.82       100          2767         126          270          369          73.19        9.50  Stream  TCP      1000    9.50  65.984  99         
Trans/s    6817.56    152.12       101          723          131          220          362          54.55        9.25  Stream  TCP      1000    9.25  59.543  99         
