MIGRATED TCP REQUEST/RESPONSE TEST from 0.0.0.0 (0.0.0.0) port 0 AF_INET to 10.69.0.3 (10.69.0) port 0 AF_INET : +/-2.500% @ 99% conf.  : nodelay : first burst 0
Throughput Throughput Mean         Minimum      Maximum      50th         90th         99th         Stddev       Local Socket  Protocol Request Local Local   Confidence 
Units                 Latency      Latency      Latency      Percentile   Percentile   Percentile   Latency      CPU   Type             Size    CPU   Service Level      
                      Microseconds Microseconds Microseconds Latency      Latency      Latency      Microseconds Util                   Bytes   Util  Demand  Percent    
                                                             Microseconds Microseconds Microseconds              %                              %                        
Trans/s    6666.25    157.07       109          659          128          251          365          58.55        8.59  Stream  TCP      1000    8.59  57.657  99         
Trans/s    7232.64    144.70       107          693          120          200          365          53.43        7.28  Stream  TCP      1000    7.28  45.993  99         
Trans/s    7116.97    143.05       104          940          122          196          332          45.59        8.62  Stream  TCP      1000    8.62  51.041  99         
Trans/s    5882.72    174.99       107          1797         171          247          343          56.72        10.54  Stream  TCP      1000    10.54  77.375  99         
Trans/s    6760.55    149.65       106          570          132          201          294          42.12        8.29  Stream  TCP      1000    8.29  51.690  99         
Trans/s    6843.66    148.33       100          584          128          196          289          41.36        7.53  Stream  TCP      1000    7.53  46.445  99         
Trans/s    6529.15    162.15       105          653          143          252          366          59.04        8.11  Stream  TCP      1000    8.11  54.237  99         
Trans/s    6379.61    162.31       105          1227         146          233          363          54.75        8.51  Stream  TCP      1000    8.51  58.931  99         
Trans/s    5824.28    183.32       108          681          161          296          403          74.62        10.52  Stream  TCP      1000    10.52  80.751  99         
Trans/s    6175.11    167.75       105          1639         146          263          376          63.92        10.22  Stream  TCP      1000    10.22  72.988  99         
Trans/s    6145.61    167.90       107          575          150          247          367          58.54        9.48  Stream  TCP      1000    9.48  67.159  99         
Trans/s    5573.20    183.34       110          620          179          262          367          57.87        11.93  Stream  TCP      1000    11.93  89.930  99         
Trans/s    6329.58    165.75       107          633          141          261          378          62.89        9.21  Stream  TCP      1000    9.21  67.233  99         
Trans/s    7157.96    141.33       105          540          123          185          275          35.56        8.00  Stream  TCP      1000    8.00  46.277  99         
Trans/s    6266.59    165.45       107          610          147          246          352          55.75        9.10  Stream  TCP      1000    9.10  64.917  99         
Trans/s    6462.76    164.70       106          678          129          277          378          68.41        9.24  Stream  TCP      1000    9.24  67.059  99         
Trans/s    6444.99    158.41       105          678          147          217          307          46.34        7.98  Stream  TCP      1000    7.98  53.489  99         
Trans/s    6840.11    151.38       107          6808         125          206          354          94.00        8.17  Stream  TCP      1000    8.17  53.292  99         
Trans/s    6027.80    168.59       104          713          167          222          341          50.07        10.49  Stream  TCP      1000    10.49  72.735  99         
Trans/s    5956.86    176.76       107          7781         168          279          378          102.26       11.08  Stream  TCP      1000    11.08  80.894  99         
Trans/s    6967.96    147.74       108          551          126          198          295          42.53        9.72  Stream  TCP      1000    9.72  56.833  99         
Trans/s    6246.85    163.25       111          629          156          223          361          52.27        9.05  Stream  TCP      1000    9.05  61.384  99         
Trans/s    6873.91    149.88       107          716          124          217          343          51.52        7.98  Stream  TCP      1000    7.98  51.611  99         
Trans/s    6559.67    154.98       107          683          140          204          336          46.84        9.13  Stream  TCP      1000    9.13  59.052  99         
Trans/s    6747.79    157.26       107          638          129          238          372          59.44        7.50  Stream  TCP      1000    7.50  52.273  99         
Trans/s    6905.04    149.89       107          647          124          205          368          54.49        7.29  Stream  TCP      1000    7.29  45.665  99         
Trans/s    6313.45    170.04       107          648          131          280          390          70.30        10.30  Stream  TCP      1000    10.30  75.085  99         
Trans/s    7110.58    143.36       99           9915         125          193          286          104.64       10.35  Stream  TCP      1000    10.35  61.717  99         
Trans/s    7586.48    133.37       100          443          121          174          278          32.26        7.75  Stream  TCP      1000    7.75  43.199  99         
Trans/s    6988.21    147.72       103          523          127          209          307          45.25        9.13  Stream  TCP      1000    9.13  58.322  99         
Trans/s    5924.50    173.46       108          660          170          244          315          50.03        12.00  Stream  TCP      1000    12.00  87.119  99         
Trans/s    6131.56    167.38       103          721          148          253          376          59.01        10.18  Stream  TCP      1000    10.18  70.930  99         
Trans/s    7127.17    144.94       102          4702         124          199          362          67.69        7.52  Stream  TCP      1000    7.52  47.366  99         
Trans/s    6217.20    168.69       108          615          154          253          373          60.98        11.09  Stream  TCP      1000    11.09  76.164  99         
Trans/s    6633.58    155.41       105          651          130          217          361          52.76        8.82  Stream  TCP      1000    8.82  58.170  99         
Trans/s    5555.95    187.25       108          684          175          286          378          68.23        11.54  Stream  TCP      1000    11.54  89.582  99         
Trans/s    5693.89    178.00       104          664          172          261          367          57.16        11.42  Stream  TCP      1000    11.42  82.936  99         
Trans/s    6567.74    158.73       102          591          132          230          333          53.94        9.11  Stream  TCP      1000    9.11  62.445  99         
Trans/s    7139.08    143.41       102          528          123          196          304          42.69        7.42  Stream  TCP      1000    7.42  45.532  99         
Trans/s    6447.81    163.12       106          747          138          259          368          63.23        10.82  Stream  TCP      1000    10.82  73.334  99         
Trans/s    7130.60    143.61       102          635          122          207          318          46.36        8.85  Stream  TCP      1000    8.85  54.908  99         
Trans/s    6089.09    172.16       105          6669         162          271          369          110.41       8.82  Stream  TCP      1000    8.82  64.853  99         
Trans/s    5816.12    183.18       101          676          163          293          377          76.94        11.00  Stream  TCP      1000    11.00  87.368  99         
Trans/s    5848.05    174.23       108          664          166          260          372          58.47        9.83  Stream  TCP      1000    9.83  71.032  99         
Trans/s    6566.62    155.50       105          1367         135          212          352          52.90        8.22  Stream  TCP      1000    8.22  53.583  99         
Trans/s    7813.45    128.56       101          3043         118          167          222          38.91        5.19  Stream  TCP      1000    5.19  26.991  99         
Trans/s    7382.17    137.28       101          585          119          189          283          36.54        8.97  Stream  TCP      1000    8.97  51.229  99         
Trans/s    6228.84    162.90       107          575          130          254          368          62.29        9.23  Stream  TCP      1000    9.23  62.141  99         
Trans/s    7017.84    148.96       102          610          123          218          350          52.97        7.46  Stream  TCP      1000    7.46  51.576  99         
Trans/s    6474.95    164.87       106          2792         129          271          379          70.35        9.48  Stream  TCP      1000    9.48  69.309  99         
Trans/s    6535.35    156.66       107          774          143          209          298          44.65        9.22  Stream  TCP      1000    9.22  60.670  99         
Trans/s    6192.62    167.12       103          1131         133          271          369          67.51        9.71  Stream  TCP      1000    9.71  68.190  99         
Trans/s    6882.47    147.76       103          504          127          201          308          43.23        9.82  Stream  TCP      1000    9.82  59.795  99         
Trans/s    6974.50    147.62       107          577          124          207          347          48.58        8.08  Stream  TCP      1000    8.08  51.975  99         
Trans/s    6101.04    170.35       106          680          152          261          372          63.35        9.21  Stream  TCP      1000    9.21  65.670  99         
Trans/s    6285.26    167.50       107          632          131          277          372          65.27        9.59  Stream  TCP      1000    9.59  70.836  99         
Trans/s    5642.47    178.97       105          721          179          246          333          49.14        11.48  Stream  TCP      1000    11.48  83.716  99         
Trans/s    6426.82    166.24       105          496          127          274          381          69.64        9.14  Stream  TCP      1000    9.14  64.993  99         
Trans/s    6919.05    147.93       101          695          127          202          316          44.89        10.41  Stream  TCP      1000    10.41  62.132  99         
Trans/s    6268.13    163.50       105          681          154          236          347          53.25        9.82  Stream  TCP      1000    9.82  66.898  99         
Trans/s    7268.54    140.48       105          585          119          189          304          41.77        7.31  Stream  TCP      1000    7.31  43.420  99         
Trans/s    6278.18    162.21       104          619          151          219          319          50.06        9.42  Stream  TCP      1000    9.42  63.418  99         
Trans/s    6676.85    151.34       101          559          142          198          281          37.60        7.68  Stream  TCP      1000    7.68  48.506  99         
Trans/s    6000.91    170.72       108          703          166          256          370          56.72        10.30  Stream  TCP      1000    10.30  72.197  99         
Trans/s    6441.61    160.74       103          658          135          249          366          59.99        9.59  Stream  TCP      1000    9.59  65.147  99         
Trans/s    7625.17    131.59       107          1307         119          172          222          28.77        7.16  Stream  TCP      1000    7.16  37.983  99         
Trans/s    5344.99    190.28       105          4107         175          293          382          79.04        11.20  Stream  TCP      1000    11.20  88.022  99         
Trans/s    7461.97    134.95       102          654          120          180          276          34.06        6.81  Stream  TCP      1000    6.81  37.292  99         
Trans/s    6120.09    168.08       106          615          157          253          364          57.45        8.91  Stream  TCP      1000    8.91  62.694  99         
Trans/s    6561.14    162.32       104          1798         124          271          368          68.84        9.24  Stream  TCP      1000    9.24  65.789  99         
Trans/s    6402.91    162.38       102          649          140          247          369          59.51        9.29  Stream  TCP      1000    9.29  63.345  99         
Trans/s    7171.63    141.60       107          522          127          189          267          34.27        8.55  Stream  TCP      1000    8.55  49.457  99         
Trans/s    6405.88    158.93       106          5847         147          214          315          73.56        9.82  Stream  TCP      1000    9.82  63.904  99         
Trans/s    6362.09    165.82       107          663          125          280          381          70.64        8.72  Stream  TCP      1000    8.72  62.321  99         
Trans/s    6547.83    158.52       106          509          132          234          369          57.44        8.60  Stream  TCP      1000    8.60  57.299  99         
Trans/s    5635.00    187.94       109          898          174          292          379          74.40        12.05  Stream  TCP      1000    12.05  94.716  99         
Trans/s    7043.61    143.82       106          696          122          196          300          41.47        8.41  Stream  TCP      1000    8.41  50.082  99         
Trans/s    7199.98    142.21       107          640          122          198          306          43.13        9.79  Stream  TCP      1000    9.79  56.348  99         
Trans/s    5758.60    188.64       106          954          168          296          385          76.06        10.65  Stream  TCP      1000    10.65  87.019  99         
Trans/s    6217.78    165.20       113          604          153          225          322          47.66        8.68  Stream  TCP      1000    8.68  61.415  99         
Trans/s    7080.51    144.13       106          606          125          196          278          40.19        8.36  Stream  TCP      1000    8.36  50.415  99         
Trans/s    6947.15    146.48       102          1902         128          193          299          44.48        7.83  Stream  TCP      1000    7.83  47.214  99         
Trans/s    6351.91    163.70       106          704          142          259          372          58.98        9.96  Stream  TCP      1000    9.96  68.355  99         
Trans/s    6261.54    166.30       111          628          141          252          368          60.25        12.19  Stream  TCP      1000    12.19  82.147  99         
Trans/s    7367.82    138.43       106          564          119          188          298          39.23        6.95  Stream  TCP      1000    6.95  40.024  99         
Trans/s    7256.91    140.02       103          636          122          188          289          37.73        6.97  Stream  TCP      1000    6.97  41.724  99         
Trans/s    5981.51    179.02       101          667          137          299          396          76.68        10.62  Stream  TCP      1000    10.62  81.572  99         
Trans/s    5757.76    177.47       106          604          173          273          372          61.92        11.66  Stream  TCP      1000    11.66  84.838  99         
Trans/s    7458.11    135.06       104          508          119          182          273          33.54        7.35  Stream  TCP      1000    7.35  40.828  99         
Trans/s    6497.80    162.53       107          582          129          258          375          63.14        8.94  Stream  TCP      1000    8.94  63.579  99         
Trans/s    6648.35    160.22       104          7250         128          256          368          123.58       9.61  Stream  TCP      1000    9.61  64.752  99         
Trans/s    5992.43    174.75       104          718          168          271          372          59.95        10.25  Stream  TCP      1000    10.25  74.542  99         
Trans/s    6188.46    163.95       101          3978         145          244          370          66.72        8.98  Stream  TCP      1000    8.98  60.755  99         
Trans/s    6574.31    155.41       100          643          127          219          319          51.10        9.14  Stream  TCP      1000    9.14  59.240  99         
Trans/s    6215.48    173.57       107          686          160          283          397          69.75        9.70  Stream  TCP      1000    9.70  74.203  99         
Trans/s    6972.85    147.48       103          579          126          206          323          46.07        7.56  Stream  TCP      1000    7.56  46.528  99         
Trans/s    7221.18    143.36       107          673          121          194          341          45.86        9.98  Stream  TCP      1000    9.98  58.289  99         
Trans/s    6673.75    151.59       110          619          141          207          360          48.20        8.29  Stream  TCP      1000    8.29  51.367  99         
Trans/s    5962.00    179.88       108          723          166          288          384          73.24        10.90  Stream  TCP      1000    10.90  83.988  99         
Trans/s    6425.88    161.71       106          751          136          246          370          59.16        8.35  Stream  TCP      1000    8.35  58.183  99         
