MIGRATED TCP REQUEST/RESPONSE TEST from 0.0.0.0 (0.0.0.0) port 0 AF_INET to 10.69.0.3 () port 0 AF_INET : +/-2.500% @ 99% conf.  : nodelay : demo : first burst 0
Throughput Throughput Mean         Minimum      Maximum      50th         90th         99th         Stddev       Local Socket  Protocol Request Local Local   Confidence 
Units                 Latency      Latency      Latency      Percentile   Percentile   Percentile   Latency      CPU   Type             Size    CPU   Service Level      
                      Microseconds Microseconds Microseconds Latency      Latency      Latency      Microseconds Util                   Bytes   Util  Demand  Percent    
                                                             Microseconds Microseconds Microseconds              %                              %                        
Trans/s    6973.56    144.72       96           4680         126          191          312          86.58        6.11  Stream  TCP      1000    6.11  35.786  99         
Trans/s    6684.80    152.93       96           6281         129          214          331          128.12       7.22  Stream  TCP      1000    7.22  46.580  99         
Trans/s    7011.48    144.94       96           13966        125          178          321          181.14       5.45  Stream  TCP      1000    5.45  34.044  99         
Trans/s    7321.34    138.34       96           32308        119          171          285          341.88       5.07  Stream  TCP      1000    5.07  28.758  99         
Trans/s    6155.15    166.12       96           8129         155          240          335          115.64       10.80  Stream  TCP      1000    10.80  73.556  99         
Trans/s    6717.81    152.45       96           4202         135          207          325          72.16        10.31  Stream  TCP      1000    10.31  61.994  99         
Trans/s    7753.78    129.13       97           4996         118          156          230          84.62        3.79  Stream  TCP      1000    3.79  19.939  99         
Trans/s    7791.15    128.39       96           6505         119          149          214          89.30        5.73  Stream  TCP      1000    5.73  29.664  99         
Trans/s    7438.55    134.52       96           7919         119          168          260          130.70       3.68  Stream  TCP      1000    3.68  20.007  99         
Trans/s    7783.51    130.00       97           3420         117          162          300          71.63        4.82  Stream  TCP      1000    4.82  25.845  99         
Trans/s    7266.10    138.13       95           13770        119          168          265          231.82       5.70  Stream  TCP      1000    5.70  31.313  99         
Trans/s    7534.98    133.28       95           8537         118          170          257          127.51       4.92  Stream  TCP      1000    4.92  26.652  99         
Trans/s    7194.19    139.96       97           13923        122          179          292          167.60       8.18  Stream  TCP      1000    8.18  46.574  99         
Trans/s    7506.02    133.40       96           4065         119          169          230          88.57        5.93  Stream  TCP      1000    5.93  31.956  99         
Trans/s    6732.71    152.23       97           3674         131          207          328          74.61        8.12  Stream  TCP      1000    8.12  52.711  99         
Trans/s    7759.66    128.94       95           8559         118          157          223          107.51       4.98  Stream  TCP      1000    4.98  26.209  99         
Trans/s    7408.16    135.21       96           4427         123          174          232          84.25        5.40  Stream  TCP      1000    5.40  28.974  99         
Trans/s    6551.68    155.88       95           18812        128          203          336          249.86       6.30  Stream  TCP      1000    6.30  40.727  99         
Trans/s    6671.86    151.76       96           5489         129          212          328          84.99        7.27  Stream  TCP      1000    7.27  45.443  99         
Trans/s    7686.36    130.07       95           5132         119          154          230          106.60       5.56  Stream  TCP      1000    5.56  28.625  99         
Trans/s    7673.13    130.50       96           4034         119          163          236          68.63        6.46  Stream  TCP      1000    6.46  33.929  99         
Trans/s    6949.92    144.94       96           6949         127          188          281          103.78       5.50  Stream  TCP      1000    5.50  32.861  99         
Trans/s    6596.04    156.40       96           6288         137          216          319          100.17       7.55  Stream  TCP      1000    7.55  50.990  99         
Trans/s    7258.15    138.73       97           5399         122          181          271          119.60       5.52  Stream  TCP      1000    5.52  31.247  99         
Trans/s    7285.31    137.78       96           18486        120          165          247          233.27       4.54  Stream  TCP      1000    4.54  25.144  99         
Trans/s    7544.20    132.67       96           6747         121          170          239          85.95        5.14  Stream  TCP      1000    5.14  27.525  99         
Trans/s    7064.47    142.18       96           5274         127          179          269          119.09       7.67  Stream  TCP      1000    7.67  43.108  99         
Trans/s    7643.08    131.22       96           5414         119          167          222          78.99        5.20  Stream  TCP      1000    5.20  27.697  99         
Trans/s    7124.35    143.14       96           6252         123          193          322          97.39        4.99  Stream  TCP      1000    4.99  31.306  99         
Trans/s    7742.25    129.12       97           6163         121          158          216          70.70        5.98  Stream  TCP      1000    5.98  31.124  99         
Trans/s    7366.39    136.66       95           1314         122          178          268          46.02        5.94  Stream  TCP      1000    5.94  32.565  99         
Trans/s    6053.33    167.06       97           8500         154          227          330          141.74       8.91  Stream  TCP      1000    8.91  61.806  99         
Trans/s    7013.87    144.07       96           12217        130          195          268          140.49       6.10  Stream  TCP      1000    6.10  35.509  99         
Trans/s    6706.69    149.81       96           3912         135          193          302          89.27        10.95  Stream  TCP      1000    10.95  66.394  99         
Trans/s    6989.82    144.63       96           5055         126          189          310          87.33        8.00  Stream  TCP      1000    8.00  47.202  99         
Trans/s    7578.01    132.11       97           4837         121          169          210          67.44        4.12  Stream  TCP      1000    4.12  21.805  99         
Trans/s    7409.29    135.59       95           3941         122          175          262          62.30        4.70  Stream  TCP      1000    4.70  25.534  99         
Trans/s    7545.64    132.87       96           9713         119          173          242          116.82       6.28  Stream  TCP      1000    6.28  33.119  99         
Trans/s    6623.26    154.92       96           7002         128          208          329          160.33       6.87  Stream  TCP      1000    6.87  44.779  99         
Trans/s    7895.56    126.57       96           2977         118          154          206          54.64        3.94  Stream  TCP      1000    3.94  20.046  99         
Trans/s    7366.34    136.92       95           2460         120          180          279          58.46        8.17  Stream  TCP      1000    8.17  46.717  99         
Trans/s    7449.94    134.93       96           11526        120          172          282          135.01       6.71  Stream  TCP      1000    6.71  35.966  99         
Trans/s    7960.38    125.54       96           3050         117          154          204          43.19        3.82  Stream  TCP      1000    3.82  19.254  99         
Trans/s    7874.18    126.94       95           5174         117          149          204          90.49        4.46  Stream  TCP      1000    4.46  22.661  99         
Trans/s    7309.01    137.92       96           5508         125          175          257          92.53        5.76  Stream  TCP      1000    5.76  33.355  99         
Trans/s    7403.11    137.00       96           18868        118          175          276          208.54       5.65  Stream  TCP      1000    5.65  32.348  99         
Trans/s    6581.61    155.17       96           20448        137          198          299          282.84       6.72  Stream  TCP      1000    6.72  42.365  99         
Trans/s    7234.62    139.72       96           6870         123          180          274          103.24       6.64  Stream  TCP      1000    6.64  38.399  99         
Trans/s    7677.82    130.46       96           3558         122          155          219          57.37        7.59  Stream  TCP      1000    7.59  39.835  99         
Trans/s    7739.18    129.32       96           1973         119          165          208          48.30        4.32  Stream  TCP      1000    4.32  22.418  99         
Trans/s    7861.52    127.27       96           6647         118          150          199          96.66        3.99  Stream  TCP      1000    3.99  20.585  99         
Trans/s    7268.63    138.85       95           5198         124          183          275          70.55        6.64  Stream  TCP      1000    6.64  38.614  99         
Trans/s    7795.74    128.52       96           17998        117          144          204          217.41       4.04  Stream  TCP      1000    4.04  20.526  99         
Trans/s    7618.91    131.59       96           8152         118          164          218          135.01       4.25  Stream  TCP      1000    4.25  22.580  99         
Trans/s    6968.71    144.16       96           2378         127          190          297          54.87        5.64  Stream  TCP      1000    5.64  33.392  99         
Trans/s    7021.56    143.27       96           4120         129          182          267          77.22        10.17  Stream  TCP      1000    10.17  57.496  99         
Trans/s    7631.58    132.38       96           3283         118          168          291          58.73        6.85  Stream  TCP      1000    6.85  36.063  99         
Trans/s    6925.72    147.15       96           4467         127          199          320          67.50        5.86  Stream  TCP      1000    5.86  37.572  99         
Trans/s    7328.78    137.45       96           5069         125          176          240          96.99        5.26  Stream  TCP      1000    5.26  29.815  99         
Trans/s    7576.68    132.51       96           5326         119          169          269          77.75        6.12  Stream  TCP      1000    6.12  33.021  99         
Trans/s    7116.61    145.91       95           25026        121          187          319          284.90       5.57  Stream  TCP      1000    5.57  34.157  99         
Trans/s    7614.62    131.31       95           5404         123          163          216          74.17        4.65  Stream  TCP      1000    4.65  24.634  99         
Trans/s    7341.93    139.84       96           5861         123          181          333          95.26        6.08  Stream  TCP      1000    6.08  35.376  99         
Trans/s    7602.82    131.62       96           9364         119          161          228          116.91       7.24  Stream  TCP      1000    7.24  38.529  99         
Trans/s    7424.50    136.25       96           10063        118          176          290          158.23       4.10  Stream  TCP      1000    4.10  23.057  99         
Trans/s    7556.19    132.98       96           6848         121          167          269          87.91        5.58  Stream  TCP      1000    5.58  29.459  99         
Trans/s    7904.69    126.44       96           2778         118          154          211          47.72        4.68  Stream  TCP      1000    4.68  23.740  99         
Trans/s    7649.41    130.88       96           20668        118          159          229          221.55       4.38  Stream  TCP      1000    4.38  22.814  99         
Trans/s    7212.15    141.55       96           7757         119          194          290          124.52       6.71  Stream  TCP      1000    6.71  39.729  99         
Trans/s    7740.89    129.41       95           4001         121          161          209          59.88        5.42  Stream  TCP      1000    5.42  27.946  99         
Trans/s    7704.71    129.97       95           7997         121          155          216          107.95       7.84  Stream  TCP      1000    7.84  41.150  99         
Trans/s    7037.13    144.89       96           2726         128          193          285          55.67        6.62  Stream  TCP      1000    6.62  40.555  99         
Trans/s    6900.97    148.34       96           2052         126          211          316          58.80        6.47  Stream  TCP      1000    6.47  40.169  99         
Trans/s    7433.03    135.33       96           6408         119          174          274          105.73       3.89  Stream  TCP      1000    3.89  21.657  99         
Trans/s    7313.25    139.01       96           6633         121          182          294          107.68       6.40  Stream  TCP      1000    6.40  36.718  99         
Trans/s    6623.08    151.97       97           8269         134          193          313          149.34       7.69  Stream  TCP      1000    7.69  47.307  99         
Trans/s    7559.09    133.77       96           8074         119          171          258          91.73        5.44  Stream  TCP      1000    5.44  33.258  99         
Trans/s    7565.66    132.28       96           7065         120          158          244          112.96       5.99  Stream  TCP      1000    5.99  31.333  99         
Trans/s    7994.40    125.01       96           6038         117          146          197          83.94        6.43  Stream  TCP      1000    6.43  32.550  99         
Trans/s    7298.33    137.50       96           2456         121          176          282          59.94        4.81  Stream  TCP      1000    4.81  26.734  99         
Trans/s    7596.12    131.90       96           5469         118          165          259          102.08       4.57  Stream  TCP      1000    4.57  24.212  99         
Trans/s    7703.54    129.67       96           5085         118          163          218          81.91        4.78  Stream  TCP      1000    4.78  25.033  99         
Trans/s    7409.39    135.63       96           7991         118          169          269          142.46       5.25  Stream  TCP      1000    5.25  28.902  99         
Trans/s    6582.15    159.57       96           5203         129          245          335          107.84       6.81  Stream  TCP      1000    6.81  48.338  99         
Trans/s    7080.16    142.62       95           5776         125          186          295          105.31       9.53  Stream  TCP      1000    9.53  53.222  99         
Trans/s    7855.97    127.26       97           2204         118          160          210          38.27        7.53  Stream  TCP      1000    7.53  38.604  99         
Trans/s    7938.76    125.79       95           5029         117          148          201          76.72        3.57  Stream  TCP      1000    3.57  17.875  99         
Trans/s    7168.60    142.44       96           7087         121          192          326          93.72        6.25  Stream  TCP      1000    6.25  38.492  99         
Trans/s    7877.30    126.93       96           6335         119          149          205          79.18        4.21  Stream  TCP      1000    4.21  21.444  99         
Trans/s    7734.91    129.50       96           18922        117          153          208          241.41       5.41  Stream  TCP      1000    5.41  27.561  99         
Trans/s    7692.58    130.27       96           5517         119          159          237          89.74        4.25  Stream  TCP      1000    4.25  22.510  99         
Trans/s    7272.66    137.87       96           1636         125          179          267          42.70        6.75  Stream  TCP      1000    6.75  37.323  99         
Trans/s    7101.27    143.75       97           6217         125          189          304          118.04       9.42  Stream  TCP      1000    9.42  53.712  99         
Trans/s    7869.39    127.12       96           6868         119          152          200          84.91        4.35  Stream  TCP      1000    4.35  22.456  99         
Trans/s    7901.97    126.46       96           2000         120          150          201          35.27        5.37  Stream  TCP      1000    5.37  27.377  99         
Trans/s    7625.61    131.26       95           4964         120          165          228          74.18        4.23  Stream  TCP      1000    4.23  22.455  99         
Trans/s    7279.13    138.71       96           7557         120          176          276          142.84       6.91  Stream  TCP      1000    6.91  39.681  99         
Trans/s    7526.85    135.79       95           12309        118          171          302          178.99       5.09  Stream  TCP      1000    5.09  29.361  99         
Trans/s    7359.31    139.07       95           8683         120          186          287          117.91       5.83  Stream  TCP      1000    5.83  35.405  99         
Trans/s    7083.34    143.13       95           5220         123          196          315          86.01        7.09  Stream  TCP      1000    7.09  41.576  99         
